145, [s0.0_00000, s0.0_10000, s0.0_01000, s0.0_00100, s0.0_00010, s0.0_00001, s0.0_11000, s0.0_10100, s0.0_10010, s0.0_10001, s0.0_01100, s0.0_01010, s0.0_01001, s0.0_00110, s0.0_00101, s0.0_00011, s0.1_00000, s0.1_10000, s0.1_01000, s0.1_00100, s0.1_00010, s0.1_00001, s0.1_11000, s0.1_10100, s0.1_10010, s0.1_10001, s0.1_01100, s0.1_01010, s0.1_01001, s0.1_00110, s0.1_00101, s0.1_00011, s0.2_00000, s0.2_10000, s0.2_01000, s0.2_00100, s0.2_00010, s0.2_00001, s0.2_11000, s0.2_10100, s0.2_10010, s0.2_10001, s0.2_01100, s0.2_01010, s0.2_01001, s0.2_00110, s0.2_00101, s0.2_00011, s1.0_00000, s1.0_10000, s1.0_01000, s1.0_00100, s1.0_00010, s1.0_00001, s1.0_11000, s1.0_10100, s1.0_10010, s1.0_10001, s1.0_01100, s1.0_01010, s1.0_01001, s1.0_00110, s1.0_00101, s1.0_00011, s1.1_00000, s1.1_10000, s1.1_01000, s1.1_00100, s1.1_00010, s1.1_00001, s1.1_11000, s1.1_10100, s1.1_10010, s1.1_10001, s1.1_01100, s1.1_01010, s1.1_01001, s1.1_00110, s1.1_00101, s1.1_00011, s1.2_00000, s1.2_10000, s1.2_01000, s1.2_00100, s1.2_00010, s1.2_00001, s1.2_11000, s1.2_10100, s1.2_10010, s1.2_10001, s1.2_01100, s1.2_01010, s1.2_01001, s1.2_00110, s1.2_00101, s1.2_00011, s2.0_00000, s2.0_10000, s2.0_01000, s2.0_00100, s2.0_00010, s2.0_00001, s2.0_11000, s2.0_10100, s2.0_10010, s2.0_10001, s2.0_01100, s2.0_01010, s2.0_01001, s2.0_00110, s2.0_00101, s2.0_00011, s2.1_00000, s2.1_10000, s2.1_01000, s2.1_00100, s2.1_00010, s2.1_00001, s2.1_11000, s2.1_10100, s2.1_10010, s2.1_10001, s2.1_01100, s2.1_01010, s2.1_01001, s2.1_00110, s2.1_00101, s2.1_00011, s2.2_00000, s2.2_10000, s2.2_01000, s2.2_00100, s2.2_00010, s2.2_00001, s2.2_11000, s2.2_10100, s2.2_10010, s2.2_10001, s2.2_01100, s2.2_01010, s2.2_01001, s2.2_00110, s2.2_00101, s2.2_00011, exit]
1, [e1]
10, [North, South, East, West, Sample, Check0, Check1, Check2, Check3, Check4]
3, [Bad, Good, Nothing]

0, []

# Transition function (s,a,s -> p)
0,0,48 -> 1
0,1,0 -> 1
0,2,16 -> 1
0,3,0 -> 1
1,0,49 -> 1
1,1,1 -> 1
1,2,17 -> 1
1,3,1 -> 1
2,0,50 -> 1
2,1,2 -> 1
2,2,18 -> 1
2,3,2 -> 1
3,0,51 -> 1
3,1,3 -> 1
3,2,19 -> 1
3,3,3 -> 1
4,0,52 -> 1
4,1,4 -> 1
4,2,20 -> 1
4,3,4 -> 1
5,0,53 -> 1
5,1,5 -> 1
5,2,21 -> 1
5,3,5 -> 1
6,0,54 -> 1
6,1,6 -> 1
6,2,22 -> 1
6,3,6 -> 1
7,0,55 -> 1
7,1,7 -> 1
7,2,23 -> 1
7,3,7 -> 1
8,0,56 -> 1
8,1,8 -> 1
8,2,24 -> 1
8,3,8 -> 1
9,0,57 -> 1
9,1,9 -> 1
9,2,25 -> 1
9,3,9 -> 1
10,0,58 -> 1
10,1,10 -> 1
10,2,26 -> 1
10,3,10 -> 1
11,0,59 -> 1
11,1,11 -> 1
11,2,27 -> 1
11,3,11 -> 1
12,0,60 -> 1
12,1,12 -> 1
12,2,28 -> 1
12,3,12 -> 1
13,0,61 -> 1
13,1,13 -> 1
13,2,29 -> 1
13,3,13 -> 1
14,0,62 -> 1
14,1,14 -> 1
14,2,30 -> 1
14,3,14 -> 1
15,0,63 -> 1
15,1,15 -> 1
15,2,31 -> 1
15,3,15 -> 1
0,4,0 -> 1
1,4,1 -> 1
2,4,2 -> 1
3,4,3 -> 1
4,4,4 -> 1
5,4,5 -> 1
6,4,6 -> 1
7,4,7 -> 1
8,4,8 -> 1
9,4,9 -> 1
10,4,10 -> 1
11,4,11 -> 1
12,4,12 -> 1
13,4,13 -> 1
14,4,14 -> 1
15,4,15 -> 1
0,5,0 -> 1
1,5,1 -> 1
2,5,2 -> 1
3,5,3 -> 1
4,5,4 -> 1
5,5,5 -> 1
6,5,6 -> 1
7,5,7 -> 1
8,5,8 -> 1
9,5,9 -> 1
10,5,10 -> 1
11,5,11 -> 1
12,5,12 -> 1
13,5,13 -> 1
14,5,14 -> 1
15,5,15 -> 1
0,6,0 -> 1
1,6,1 -> 1
2,6,2 -> 1
3,6,3 -> 1
4,6,4 -> 1
5,6,5 -> 1
6,6,6 -> 1
7,6,7 -> 1
8,6,8 -> 1
9,6,9 -> 1
10,6,10 -> 1
11,6,11 -> 1
12,6,12 -> 1
13,6,13 -> 1
14,6,14 -> 1
15,6,15 -> 1
0,7,0 -> 1
1,7,1 -> 1
2,7,2 -> 1
3,7,3 -> 1
4,7,4 -> 1
5,7,5 -> 1
6,7,6 -> 1
7,7,7 -> 1
8,7,8 -> 1
9,7,9 -> 1
10,7,10 -> 1
11,7,11 -> 1
12,7,12 -> 1
13,7,13 -> 1
14,7,14 -> 1
15,7,15 -> 1
0,8,0 -> 1
1,8,1 -> 1
2,8,2 -> 1
3,8,3 -> 1
4,8,4 -> 1
5,8,5 -> 1
6,8,6 -> 1
7,8,7 -> 1
8,8,8 -> 1
9,8,9 -> 1
10,8,10 -> 1
11,8,11 -> 1
12,8,12 -> 1
13,8,13 -> 1
14,8,14 -> 1
15,8,15 -> 1
0,9,0 -> 1
1,9,1 -> 1
2,9,2 -> 1
3,9,3 -> 1
4,9,4 -> 1
5,9,5 -> 1
6,9,6 -> 1
7,9,7 -> 1
8,9,8 -> 1
9,9,9 -> 1
10,9,10 -> 1
11,9,11 -> 1
12,9,12 -> 1
13,9,13 -> 1
14,9,14 -> 1
15,9,15 -> 1
16,0,64 -> 1
16,1,16 -> 1
16,2,32 -> 1
16,3,0 -> 1
17,0,65 -> 1
17,1,17 -> 1
17,2,33 -> 1
17,3,1 -> 1
18,0,66 -> 1
18,1,18 -> 1
18,2,34 -> 1
18,3,2 -> 1
19,0,67 -> 1
19,1,19 -> 1
19,2,35 -> 1
19,3,3 -> 1
20,0,68 -> 1
20,1,20 -> 1
20,2,36 -> 1
20,3,4 -> 1
21,0,69 -> 1
21,1,21 -> 1
21,2,37 -> 1
21,3,5 -> 1
22,0,70 -> 1
22,1,22 -> 1
22,2,38 -> 1
22,3,6 -> 1
23,0,71 -> 1
23,1,23 -> 1
23,2,39 -> 1
23,3,7 -> 1
24,0,72 -> 1
24,1,24 -> 1
24,2,40 -> 1
24,3,8 -> 1
25,0,73 -> 1
25,1,25 -> 1
25,2,41 -> 1
25,3,9 -> 1
26,0,74 -> 1
26,1,26 -> 1
26,2,42 -> 1
26,3,10 -> 1
27,0,75 -> 1
27,1,27 -> 1
27,2,43 -> 1
27,3,11 -> 1
28,0,76 -> 1
28,1,28 -> 1
28,2,44 -> 1
28,3,12 -> 1
29,0,77 -> 1
29,1,29 -> 1
29,2,45 -> 1
29,3,13 -> 1
30,0,78 -> 1
30,1,30 -> 1
30,2,46 -> 1
30,3,14 -> 1
31,0,79 -> 1
31,1,31 -> 1
31,2,47 -> 1
31,3,15 -> 1
16,4,16 -> 1
17,4,17 -> 1
18,4,18 -> 1
19,4,19 -> 1
20,4,20 -> 1
21,4,16 -> 1
22,4,22 -> 1
23,4,23 -> 1
24,4,24 -> 1
25,4,17 -> 1
26,4,26 -> 1
27,4,27 -> 1
28,4,18 -> 1
29,4,29 -> 1
30,4,19 -> 1
31,4,20 -> 1
16,5,16 -> 1
17,5,17 -> 1
18,5,18 -> 1
19,5,19 -> 1
20,5,20 -> 1
21,5,21 -> 1
22,5,22 -> 1
23,5,23 -> 1
24,5,24 -> 1
25,5,25 -> 1
26,5,26 -> 1
27,5,27 -> 1
28,5,28 -> 1
29,5,29 -> 1
30,5,30 -> 1
31,5,31 -> 1
16,6,16 -> 1
17,6,17 -> 1
18,6,18 -> 1
19,6,19 -> 1
20,6,20 -> 1
21,6,21 -> 1
22,6,22 -> 1
23,6,23 -> 1
24,6,24 -> 1
25,6,25 -> 1
26,6,26 -> 1
27,6,27 -> 1
28,6,28 -> 1
29,6,29 -> 1
30,6,30 -> 1
31,6,31 -> 1
16,7,16 -> 1
17,7,17 -> 1
18,7,18 -> 1
19,7,19 -> 1
20,7,20 -> 1
21,7,21 -> 1
22,7,22 -> 1
23,7,23 -> 1
24,7,24 -> 1
25,7,25 -> 1
26,7,26 -> 1
27,7,27 -> 1
28,7,28 -> 1
29,7,29 -> 1
30,7,30 -> 1
31,7,31 -> 1
16,8,16 -> 1
17,8,17 -> 1
18,8,18 -> 1
19,8,19 -> 1
20,8,20 -> 1
21,8,21 -> 1
22,8,22 -> 1
23,8,23 -> 1
24,8,24 -> 1
25,8,25 -> 1
26,8,26 -> 1
27,8,27 -> 1
28,8,28 -> 1
29,8,29 -> 1
30,8,30 -> 1
31,8,31 -> 1
16,9,16 -> 1
17,9,17 -> 1
18,9,18 -> 1
19,9,19 -> 1
20,9,20 -> 1
21,9,21 -> 1
22,9,22 -> 1
23,9,23 -> 1
24,9,24 -> 1
25,9,25 -> 1
26,9,26 -> 1
27,9,27 -> 1
28,9,28 -> 1
29,9,29 -> 1
30,9,30 -> 1
31,9,31 -> 1
32,0,80 -> 1
32,1,32 -> 1
32,2,144 -> 1
32,3,16 -> 1
33,0,81 -> 1
33,1,33 -> 1
33,2,144 -> 1
33,3,17 -> 1
34,0,82 -> 1
34,1,34 -> 1
34,2,144 -> 1
34,3,18 -> 1
35,0,83 -> 1
35,1,35 -> 1
35,2,144 -> 1
35,3,19 -> 1
36,0,84 -> 1
36,1,36 -> 1
36,2,144 -> 1
36,3,20 -> 1
37,0,85 -> 1
37,1,37 -> 1
37,2,144 -> 1
37,3,21 -> 1
38,0,86 -> 1
38,1,38 -> 1
38,2,144 -> 1
38,3,22 -> 1
39,0,87 -> 1
39,1,39 -> 1
39,2,144 -> 1
39,3,23 -> 1
40,0,88 -> 1
40,1,40 -> 1
40,2,144 -> 1
40,3,24 -> 1
41,0,89 -> 1
41,1,41 -> 1
41,2,144 -> 1
41,3,25 -> 1
42,0,90 -> 1
42,1,42 -> 1
42,2,144 -> 1
42,3,26 -> 1
43,0,91 -> 1
43,1,43 -> 1
43,2,144 -> 1
43,3,27 -> 1
44,0,92 -> 1
44,1,44 -> 1
44,2,144 -> 1
44,3,28 -> 1
45,0,93 -> 1
45,1,45 -> 1
45,2,144 -> 1
45,3,29 -> 1
46,0,94 -> 1
46,1,46 -> 1
46,2,144 -> 1
46,3,30 -> 1
47,0,95 -> 1
47,1,47 -> 1
47,2,144 -> 1
47,3,31 -> 1
32,4,32 -> 1
33,4,33 -> 1
34,4,34 -> 1
35,4,35 -> 1
36,4,32 -> 1
37,4,37 -> 1
38,4,38 -> 1
39,4,39 -> 1
40,4,33 -> 1
41,4,41 -> 1
42,4,42 -> 1
43,4,34 -> 1
44,4,44 -> 1
45,4,35 -> 1
46,4,46 -> 1
47,4,37 -> 1
32,5,32 -> 1
33,5,33 -> 1
34,5,34 -> 1
35,5,35 -> 1
36,5,36 -> 1
37,5,37 -> 1
38,5,38 -> 1
39,5,39 -> 1
40,5,40 -> 1
41,5,41 -> 1
42,5,42 -> 1
43,5,43 -> 1
44,5,44 -> 1
45,5,45 -> 1
46,5,46 -> 1
47,5,47 -> 1
32,6,32 -> 1
33,6,33 -> 1
34,6,34 -> 1
35,6,35 -> 1
36,6,36 -> 1
37,6,37 -> 1
38,6,38 -> 1
39,6,39 -> 1
40,6,40 -> 1
41,6,41 -> 1
42,6,42 -> 1
43,6,43 -> 1
44,6,44 -> 1
45,6,45 -> 1
46,6,46 -> 1
47,6,47 -> 1
32,7,32 -> 1
33,7,33 -> 1
34,7,34 -> 1
35,7,35 -> 1
36,7,36 -> 1
37,7,37 -> 1
38,7,38 -> 1
39,7,39 -> 1
40,7,40 -> 1
41,7,41 -> 1
42,7,42 -> 1
43,7,43 -> 1
44,7,44 -> 1
45,7,45 -> 1
46,7,46 -> 1
47,7,47 -> 1
32,8,32 -> 1
33,8,33 -> 1
34,8,34 -> 1
35,8,35 -> 1
36,8,36 -> 1
37,8,37 -> 1
38,8,38 -> 1
39,8,39 -> 1
40,8,40 -> 1
41,8,41 -> 1
42,8,42 -> 1
43,8,43 -> 1
44,8,44 -> 1
45,8,45 -> 1
46,8,46 -> 1
47,8,47 -> 1
32,9,32 -> 1
33,9,33 -> 1
34,9,34 -> 1
35,9,35 -> 1
36,9,36 -> 1
37,9,37 -> 1
38,9,38 -> 1
39,9,39 -> 1
40,9,40 -> 1
41,9,41 -> 1
42,9,42 -> 1
43,9,43 -> 1
44,9,44 -> 1
45,9,45 -> 1
46,9,46 -> 1
47,9,47 -> 1
48,0,96 -> 1
48,1,0 -> 1
48,2,64 -> 1
48,3,48 -> 1
49,0,97 -> 1
49,1,1 -> 1
49,2,65 -> 1
49,3,49 -> 1
50,0,98 -> 1
50,1,2 -> 1
50,2,66 -> 1
50,3,50 -> 1
51,0,99 -> 1
51,1,3 -> 1
51,2,67 -> 1
51,3,51 -> 1
52,0,100 -> 1
52,1,4 -> 1
52,2,68 -> 1
52,3,52 -> 1
53,0,101 -> 1
53,1,5 -> 1
53,2,69 -> 1
53,3,53 -> 1
54,0,102 -> 1
54,1,6 -> 1
54,2,70 -> 1
54,3,54 -> 1
55,0,103 -> 1
55,1,7 -> 1
55,2,71 -> 1
55,3,55 -> 1
56,0,104 -> 1
56,1,8 -> 1
56,2,72 -> 1
56,3,56 -> 1
57,0,105 -> 1
57,1,9 -> 1
57,2,73 -> 1
57,3,57 -> 1
58,0,106 -> 1
58,1,10 -> 1
58,2,74 -> 1
58,3,58 -> 1
59,0,107 -> 1
59,1,11 -> 1
59,2,75 -> 1
59,3,59 -> 1
60,0,108 -> 1
60,1,12 -> 1
60,2,76 -> 1
60,3,60 -> 1
61,0,109 -> 1
61,1,13 -> 1
61,2,77 -> 1
61,3,61 -> 1
62,0,110 -> 1
62,1,14 -> 1
62,2,78 -> 1
62,3,62 -> 1
63,0,111 -> 1
63,1,15 -> 1
63,2,79 -> 1
63,3,63 -> 1
48,4,48 -> 1
49,4,48 -> 1
50,4,50 -> 1
51,4,51 -> 1
52,4,52 -> 1
53,4,53 -> 1
54,4,50 -> 1
55,4,51 -> 1
56,4,52 -> 1
57,4,53 -> 1
58,4,58 -> 1
59,4,59 -> 1
60,4,60 -> 1
61,4,61 -> 1
62,4,62 -> 1
63,4,63 -> 1
48,5,48 -> 1
49,5,49 -> 1
50,5,50 -> 1
51,5,51 -> 1
52,5,52 -> 1
53,5,53 -> 1
54,5,54 -> 1
55,5,55 -> 1
56,5,56 -> 1
57,5,57 -> 1
58,5,58 -> 1
59,5,59 -> 1
60,5,60 -> 1
61,5,61 -> 1
62,5,62 -> 1
63,5,63 -> 1
48,6,48 -> 1
49,6,49 -> 1
50,6,50 -> 1
51,6,51 -> 1
52,6,52 -> 1
53,6,53 -> 1
54,6,54 -> 1
55,6,55 -> 1
56,6,56 -> 1
57,6,57 -> 1
58,6,58 -> 1
59,6,59 -> 1
60,6,60 -> 1
61,6,61 -> 1
62,6,62 -> 1
63,6,63 -> 1
48,7,48 -> 1
49,7,49 -> 1
50,7,50 -> 1
51,7,51 -> 1
52,7,52 -> 1
53,7,53 -> 1
54,7,54 -> 1
55,7,55 -> 1
56,7,56 -> 1
57,7,57 -> 1
58,7,58 -> 1
59,7,59 -> 1
60,7,60 -> 1
61,7,61 -> 1
62,7,62 -> 1
63,7,63 -> 1
48,8,48 -> 1
49,8,49 -> 1
50,8,50 -> 1
51,8,51 -> 1
52,8,52 -> 1
53,8,53 -> 1
54,8,54 -> 1
55,8,55 -> 1
56,8,56 -> 1
57,8,57 -> 1
58,8,58 -> 1
59,8,59 -> 1
60,8,60 -> 1
61,8,61 -> 1
62,8,62 -> 1
63,8,63 -> 1
48,9,48 -> 1
49,9,49 -> 1
50,9,50 -> 1
51,9,51 -> 1
52,9,52 -> 1
53,9,53 -> 1
54,9,54 -> 1
55,9,55 -> 1
56,9,56 -> 1
57,9,57 -> 1
58,9,58 -> 1
59,9,59 -> 1
60,9,60 -> 1
61,9,61 -> 1
62,9,62 -> 1
63,9,63 -> 1
64,0,112 -> 1
64,1,16 -> 1
64,2,80 -> 1
64,3,48 -> 1
65,0,113 -> 1
65,1,17 -> 1
65,2,81 -> 1
65,3,49 -> 1
66,0,114 -> 1
66,1,18 -> 1
66,2,82 -> 1
66,3,50 -> 1
67,0,115 -> 1
67,1,19 -> 1
67,2,83 -> 1
67,3,51 -> 1
68,0,116 -> 1
68,1,20 -> 1
68,2,84 -> 1
68,3,52 -> 1
69,0,117 -> 1
69,1,21 -> 1
69,2,85 -> 1
69,3,53 -> 1
70,0,118 -> 1
70,1,22 -> 1
70,2,86 -> 1
70,3,54 -> 1
71,0,119 -> 1
71,1,23 -> 1
71,2,87 -> 1
71,3,55 -> 1
72,0,120 -> 1
72,1,24 -> 1
72,2,88 -> 1
72,3,56 -> 1
73,0,121 -> 1
73,1,25 -> 1
73,2,89 -> 1
73,3,57 -> 1
74,0,122 -> 1
74,1,26 -> 1
74,2,90 -> 1
74,3,58 -> 1
75,0,123 -> 1
75,1,27 -> 1
75,2,91 -> 1
75,3,59 -> 1
76,0,124 -> 1
76,1,28 -> 1
76,2,92 -> 1
76,3,60 -> 1
77,0,125 -> 1
77,1,29 -> 1
77,2,93 -> 1
77,3,61 -> 1
78,0,126 -> 1
78,1,30 -> 1
78,2,94 -> 1
78,3,62 -> 1
79,0,127 -> 1
79,1,31 -> 1
79,2,95 -> 1
79,3,63 -> 1
64,4,64 -> 1
65,4,65 -> 1
66,4,66 -> 1
67,4,67 -> 1
68,4,68 -> 1
69,4,69 -> 1
70,4,70 -> 1
71,4,71 -> 1
72,4,72 -> 1
73,4,73 -> 1
74,4,74 -> 1
75,4,75 -> 1
76,4,76 -> 1
77,4,77 -> 1
78,4,78 -> 1
79,4,79 -> 1
64,5,64 -> 1
65,5,65 -> 1
66,5,66 -> 1
67,5,67 -> 1
68,5,68 -> 1
69,5,69 -> 1
70,5,70 -> 1
71,5,71 -> 1
72,5,72 -> 1
73,5,73 -> 1
74,5,74 -> 1
75,5,75 -> 1
76,5,76 -> 1
77,5,77 -> 1
78,5,78 -> 1
79,5,79 -> 1
64,6,64 -> 1
65,6,65 -> 1
66,6,66 -> 1
67,6,67 -> 1
68,6,68 -> 1
69,6,69 -> 1
70,6,70 -> 1
71,6,71 -> 1
72,6,72 -> 1
73,6,73 -> 1
74,6,74 -> 1
75,6,75 -> 1
76,6,76 -> 1
77,6,77 -> 1
78,6,78 -> 1
79,6,79 -> 1
64,7,64 -> 1
65,7,65 -> 1
66,7,66 -> 1
67,7,67 -> 1
68,7,68 -> 1
69,7,69 -> 1
70,7,70 -> 1
71,7,71 -> 1
72,7,72 -> 1
73,7,73 -> 1
74,7,74 -> 1
75,7,75 -> 1
76,7,76 -> 1
77,7,77 -> 1
78,7,78 -> 1
79,7,79 -> 1
64,8,64 -> 1
65,8,65 -> 1
66,8,66 -> 1
67,8,67 -> 1
68,8,68 -> 1
69,8,69 -> 1
70,8,70 -> 1
71,8,71 -> 1
72,8,72 -> 1
73,8,73 -> 1
74,8,74 -> 1
75,8,75 -> 1
76,8,76 -> 1
77,8,77 -> 1
78,8,78 -> 1
79,8,79 -> 1
64,9,64 -> 1
65,9,65 -> 1
66,9,66 -> 1
67,9,67 -> 1
68,9,68 -> 1
69,9,69 -> 1
70,9,70 -> 1
71,9,71 -> 1
72,9,72 -> 1
73,9,73 -> 1
74,9,74 -> 1
75,9,75 -> 1
76,9,76 -> 1
77,9,77 -> 1
78,9,78 -> 1
79,9,79 -> 1
80,0,128 -> 1
80,1,32 -> 1
80,2,144 -> 1
80,3,64 -> 1
81,0,129 -> 1
81,1,33 -> 1
81,2,144 -> 1
81,3,65 -> 1
82,0,130 -> 1
82,1,34 -> 1
82,2,144 -> 1
82,3,66 -> 1
83,0,131 -> 1
83,1,35 -> 1
83,2,144 -> 1
83,3,67 -> 1
84,0,132 -> 1
84,1,36 -> 1
84,2,144 -> 1
84,3,68 -> 1
85,0,133 -> 1
85,1,37 -> 1
85,2,144 -> 1
85,3,69 -> 1
86,0,134 -> 1
86,1,38 -> 1
86,2,144 -> 1
86,3,70 -> 1
87,0,135 -> 1
87,1,39 -> 1
87,2,144 -> 1
87,3,71 -> 1
88,0,136 -> 1
88,1,40 -> 1
88,2,144 -> 1
88,3,72 -> 1
89,0,137 -> 1
89,1,41 -> 1
89,2,144 -> 1
89,3,73 -> 1
90,0,138 -> 1
90,1,42 -> 1
90,2,144 -> 1
90,3,74 -> 1
91,0,139 -> 1
91,1,43 -> 1
91,2,144 -> 1
91,3,75 -> 1
92,0,140 -> 1
92,1,44 -> 1
92,2,144 -> 1
92,3,76 -> 1
93,0,141 -> 1
93,1,45 -> 1
93,2,144 -> 1
93,3,77 -> 1
94,0,142 -> 1
94,1,46 -> 1
94,2,144 -> 1
94,3,78 -> 1
95,0,143 -> 1
95,1,47 -> 1
95,2,144 -> 1
95,3,79 -> 1
80,4,80 -> 1
81,4,81 -> 1
82,4,80 -> 1
83,4,83 -> 1
84,4,84 -> 1
85,4,85 -> 1
86,4,81 -> 1
87,4,87 -> 1
88,4,88 -> 1
89,4,89 -> 1
90,4,83 -> 1
91,4,84 -> 1
92,4,85 -> 1
93,4,93 -> 1
94,4,94 -> 1
95,4,95 -> 1
80,5,80 -> 1
81,5,81 -> 1
82,5,82 -> 1
83,5,83 -> 1
84,5,84 -> 1
85,5,85 -> 1
86,5,86 -> 1
87,5,87 -> 1
88,5,88 -> 1
89,5,89 -> 1
90,5,90 -> 1
91,5,91 -> 1
92,5,92 -> 1
93,5,93 -> 1
94,5,94 -> 1
95,5,95 -> 1
80,6,80 -> 1
81,6,81 -> 1
82,6,82 -> 1
83,6,83 -> 1
84,6,84 -> 1
85,6,85 -> 1
86,6,86 -> 1
87,6,87 -> 1
88,6,88 -> 1
89,6,89 -> 1
90,6,90 -> 1
91,6,91 -> 1
92,6,92 -> 1
93,6,93 -> 1
94,6,94 -> 1
95,6,95 -> 1
80,7,80 -> 1
81,7,81 -> 1
82,7,82 -> 1
83,7,83 -> 1
84,7,84 -> 1
85,7,85 -> 1
86,7,86 -> 1
87,7,87 -> 1
88,7,88 -> 1
89,7,89 -> 1
90,7,90 -> 1
91,7,91 -> 1
92,7,92 -> 1
93,7,93 -> 1
94,7,94 -> 1
95,7,95 -> 1
80,8,80 -> 1
81,8,81 -> 1
82,8,82 -> 1
83,8,83 -> 1
84,8,84 -> 1
85,8,85 -> 1
86,8,86 -> 1
87,8,87 -> 1
88,8,88 -> 1
89,8,89 -> 1
90,8,90 -> 1
91,8,91 -> 1
92,8,92 -> 1
93,8,93 -> 1
94,8,94 -> 1
95,8,95 -> 1
80,9,80 -> 1
81,9,81 -> 1
82,9,82 -> 1
83,9,83 -> 1
84,9,84 -> 1
85,9,85 -> 1
86,9,86 -> 1
87,9,87 -> 1
88,9,88 -> 1
89,9,89 -> 1
90,9,90 -> 1
91,9,91 -> 1
92,9,92 -> 1
93,9,93 -> 1
94,9,94 -> 1
95,9,95 -> 1
96,0,96 -> 1
96,1,48 -> 1
96,2,112 -> 1
96,3,96 -> 1
97,0,97 -> 1
97,1,49 -> 1
97,2,113 -> 1
97,3,97 -> 1
98,0,98 -> 1
98,1,50 -> 1
98,2,114 -> 1
98,3,98 -> 1
99,0,99 -> 1
99,1,51 -> 1
99,2,115 -> 1
99,3,99 -> 1
100,0,100 -> 1
100,1,52 -> 1
100,2,116 -> 1
100,3,100 -> 1
101,0,101 -> 1
101,1,53 -> 1
101,2,117 -> 1
101,3,101 -> 1
102,0,102 -> 1
102,1,54 -> 1
102,2,118 -> 1
102,3,102 -> 1
103,0,103 -> 1
103,1,55 -> 1
103,2,119 -> 1
103,3,103 -> 1
104,0,104 -> 1
104,1,56 -> 1
104,2,120 -> 1
104,3,104 -> 1
105,0,105 -> 1
105,1,57 -> 1
105,2,121 -> 1
105,3,105 -> 1
106,0,106 -> 1
106,1,58 -> 1
106,2,122 -> 1
106,3,106 -> 1
107,0,107 -> 1
107,1,59 -> 1
107,2,123 -> 1
107,3,107 -> 1
108,0,108 -> 1
108,1,60 -> 1
108,2,124 -> 1
108,3,108 -> 1
109,0,109 -> 1
109,1,61 -> 1
109,2,125 -> 1
109,3,109 -> 1
110,0,110 -> 1
110,1,62 -> 1
110,2,126 -> 1
110,3,110 -> 1
111,0,111 -> 1
111,1,63 -> 1
111,2,127 -> 1
111,3,111 -> 1
96,4,96 -> 1
97,4,97 -> 1
98,4,98 -> 1
99,4,96 -> 1
100,4,100 -> 1
101,4,101 -> 1
102,4,102 -> 1
103,4,97 -> 1
104,4,104 -> 1
105,4,105 -> 1
106,4,98 -> 1
107,4,107 -> 1
108,4,108 -> 1
109,4,100 -> 1
110,4,101 -> 1
111,4,111 -> 1
96,5,96 -> 1
97,5,97 -> 1
98,5,98 -> 1
99,5,99 -> 1
100,5,100 -> 1
101,5,101 -> 1
102,5,102 -> 1
103,5,103 -> 1
104,5,104 -> 1
105,5,105 -> 1
106,5,106 -> 1
107,5,107 -> 1
108,5,108 -> 1
109,5,109 -> 1
110,5,110 -> 1
111,5,111 -> 1
96,6,96 -> 1
97,6,97 -> 1
98,6,98 -> 1
99,6,99 -> 1
100,6,100 -> 1
101,6,101 -> 1
102,6,102 -> 1
103,6,103 -> 1
104,6,104 -> 1
105,6,105 -> 1
106,6,106 -> 1
107,6,107 -> 1
108,6,108 -> 1
109,6,109 -> 1
110,6,110 -> 1
111,6,111 -> 1
96,7,96 -> 1
97,7,97 -> 1
98,7,98 -> 1
99,7,99 -> 1
100,7,100 -> 1
101,7,101 -> 1
102,7,102 -> 1
103,7,103 -> 1
104,7,104 -> 1
105,7,105 -> 1
106,7,106 -> 1
107,7,107 -> 1
108,7,108 -> 1
109,7,109 -> 1
110,7,110 -> 1
111,7,111 -> 1
96,8,96 -> 1
97,8,97 -> 1
98,8,98 -> 1
99,8,99 -> 1
100,8,100 -> 1
101,8,101 -> 1
102,8,102 -> 1
103,8,103 -> 1
104,8,104 -> 1
105,8,105 -> 1
106,8,106 -> 1
107,8,107 -> 1
108,8,108 -> 1
109,8,109 -> 1
110,8,110 -> 1
111,8,111 -> 1
96,9,96 -> 1
97,9,97 -> 1
98,9,98 -> 1
99,9,99 -> 1
100,9,100 -> 1
101,9,101 -> 1
102,9,102 -> 1
103,9,103 -> 1
104,9,104 -> 1
105,9,105 -> 1
106,9,106 -> 1
107,9,107 -> 1
108,9,108 -> 1
109,9,109 -> 1
110,9,110 -> 1
111,9,111 -> 1
112,0,112 -> 1
112,1,64 -> 1
112,2,128 -> 1
112,3,96 -> 1
113,0,113 -> 1
113,1,65 -> 1
113,2,129 -> 1
113,3,97 -> 1
114,0,114 -> 1
114,1,66 -> 1
114,2,130 -> 1
114,3,98 -> 1
115,0,115 -> 1
115,1,67 -> 1
115,2,131 -> 1
115,3,99 -> 1
116,0,116 -> 1
116,1,68 -> 1
116,2,132 -> 1
116,3,100 -> 1
117,0,117 -> 1
117,1,69 -> 1
117,2,133 -> 1
117,3,101 -> 1
118,0,118 -> 1
118,1,70 -> 1
118,2,134 -> 1
118,3,102 -> 1
119,0,119 -> 1
119,1,71 -> 1
119,2,135 -> 1
119,3,103 -> 1
120,0,120 -> 1
120,1,72 -> 1
120,2,136 -> 1
120,3,104 -> 1
121,0,121 -> 1
121,1,73 -> 1
121,2,137 -> 1
121,3,105 -> 1
122,0,122 -> 1
122,1,74 -> 1
122,2,138 -> 1
122,3,106 -> 1
123,0,123 -> 1
123,1,75 -> 1
123,2,139 -> 1
123,3,107 -> 1
124,0,124 -> 1
124,1,76 -> 1
124,2,140 -> 1
124,3,108 -> 1
125,0,125 -> 1
125,1,77 -> 1
125,2,141 -> 1
125,3,109 -> 1
126,0,126 -> 1
126,1,78 -> 1
126,2,142 -> 1
126,3,110 -> 1
127,0,127 -> 1
127,1,79 -> 1
127,2,143 -> 1
127,3,111 -> 1
112,4,112 -> 1
113,4,113 -> 1
114,4,114 -> 1
115,4,115 -> 1
116,4,116 -> 1
117,4,117 -> 1
118,4,118 -> 1
119,4,119 -> 1
120,4,120 -> 1
121,4,121 -> 1
122,4,122 -> 1
123,4,123 -> 1
124,4,124 -> 1
125,4,125 -> 1
126,4,126 -> 1
127,4,127 -> 1
112,5,112 -> 1
113,5,113 -> 1
114,5,114 -> 1
115,5,115 -> 1
116,5,116 -> 1
117,5,117 -> 1
118,5,118 -> 1
119,5,119 -> 1
120,5,120 -> 1
121,5,121 -> 1
122,5,122 -> 1
123,5,123 -> 1
124,5,124 -> 1
125,5,125 -> 1
126,5,126 -> 1
127,5,127 -> 1
112,6,112 -> 1
113,6,113 -> 1
114,6,114 -> 1
115,6,115 -> 1
116,6,116 -> 1
117,6,117 -> 1
118,6,118 -> 1
119,6,119 -> 1
120,6,120 -> 1
121,6,121 -> 1
122,6,122 -> 1
123,6,123 -> 1
124,6,124 -> 1
125,6,125 -> 1
126,6,126 -> 1
127,6,127 -> 1
112,7,112 -> 1
113,7,113 -> 1
114,7,114 -> 1
115,7,115 -> 1
116,7,116 -> 1
117,7,117 -> 1
118,7,118 -> 1
119,7,119 -> 1
120,7,120 -> 1
121,7,121 -> 1
122,7,122 -> 1
123,7,123 -> 1
124,7,124 -> 1
125,7,125 -> 1
126,7,126 -> 1
127,7,127 -> 1
112,8,112 -> 1
113,8,113 -> 1
114,8,114 -> 1
115,8,115 -> 1
116,8,116 -> 1
117,8,117 -> 1
118,8,118 -> 1
119,8,119 -> 1
120,8,120 -> 1
121,8,121 -> 1
122,8,122 -> 1
123,8,123 -> 1
124,8,124 -> 1
125,8,125 -> 1
126,8,126 -> 1
127,8,127 -> 1
112,9,112 -> 1
113,9,113 -> 1
114,9,114 -> 1
115,9,115 -> 1
116,9,116 -> 1
117,9,117 -> 1
118,9,118 -> 1
119,9,119 -> 1
120,9,120 -> 1
121,9,121 -> 1
122,9,122 -> 1
123,9,123 -> 1
124,9,124 -> 1
125,9,125 -> 1
126,9,126 -> 1
127,9,127 -> 1
128,0,128 -> 1
128,1,80 -> 1
128,2,144 -> 1
128,3,112 -> 1
129,0,129 -> 1
129,1,81 -> 1
129,2,144 -> 1
129,3,113 -> 1
130,0,130 -> 1
130,1,82 -> 1
130,2,144 -> 1
130,3,114 -> 1
131,0,131 -> 1
131,1,83 -> 1
131,2,144 -> 1
131,3,115 -> 1
132,0,132 -> 1
132,1,84 -> 1
132,2,144 -> 1
132,3,116 -> 1
133,0,133 -> 1
133,1,85 -> 1
133,2,144 -> 1
133,3,117 -> 1
134,0,134 -> 1
134,1,86 -> 1
134,2,144 -> 1
134,3,118 -> 1
135,0,135 -> 1
135,1,87 -> 1
135,2,144 -> 1
135,3,119 -> 1
136,0,136 -> 1
136,1,88 -> 1
136,2,144 -> 1
136,3,120 -> 1
137,0,137 -> 1
137,1,89 -> 1
137,2,144 -> 1
137,3,121 -> 1
138,0,138 -> 1
138,1,90 -> 1
138,2,144 -> 1
138,3,122 -> 1
139,0,139 -> 1
139,1,91 -> 1
139,2,144 -> 1
139,3,123 -> 1
140,0,140 -> 1
140,1,92 -> 1
140,2,144 -> 1
140,3,124 -> 1
141,0,141 -> 1
141,1,93 -> 1
141,2,144 -> 1
141,3,125 -> 1
142,0,142 -> 1
142,1,94 -> 1
142,2,144 -> 1
142,3,126 -> 1
143,0,143 -> 1
143,1,95 -> 1
143,2,144 -> 1
143,3,127 -> 1
128,4,128 -> 1
129,4,129 -> 1
130,4,130 -> 1
131,4,131 -> 1
132,4,132 -> 1
133,4,133 -> 1
134,4,134 -> 1
135,4,135 -> 1
136,4,136 -> 1
137,4,137 -> 1
138,4,138 -> 1
139,4,139 -> 1
140,4,140 -> 1
141,4,141 -> 1
142,4,142 -> 1
143,4,143 -> 1
128,5,128 -> 1
129,5,129 -> 1
130,5,130 -> 1
131,5,131 -> 1
132,5,132 -> 1
133,5,133 -> 1
134,5,134 -> 1
135,5,135 -> 1
136,5,136 -> 1
137,5,137 -> 1
138,5,138 -> 1
139,5,139 -> 1
140,5,140 -> 1
141,5,141 -> 1
142,5,142 -> 1
143,5,143 -> 1
128,6,128 -> 1
129,6,129 -> 1
130,6,130 -> 1
131,6,131 -> 1
132,6,132 -> 1
133,6,133 -> 1
134,6,134 -> 1
135,6,135 -> 1
136,6,136 -> 1
137,6,137 -> 1
138,6,138 -> 1
139,6,139 -> 1
140,6,140 -> 1
141,6,141 -> 1
142,6,142 -> 1
143,6,143 -> 1
128,7,128 -> 1
129,7,129 -> 1
130,7,130 -> 1
131,7,131 -> 1
132,7,132 -> 1
133,7,133 -> 1
134,7,134 -> 1
135,7,135 -> 1
136,7,136 -> 1
137,7,137 -> 1
138,7,138 -> 1
139,7,139 -> 1
140,7,140 -> 1
141,7,141 -> 1
142,7,142 -> 1
143,7,143 -> 1
128,8,128 -> 1
129,8,129 -> 1
130,8,130 -> 1
131,8,131 -> 1
132,8,132 -> 1
133,8,133 -> 1
134,8,134 -> 1
135,8,135 -> 1
136,8,136 -> 1
137,8,137 -> 1
138,8,138 -> 1
139,8,139 -> 1
140,8,140 -> 1
141,8,141 -> 1
142,8,142 -> 1
143,8,143 -> 1
128,9,128 -> 1
129,9,129 -> 1
130,9,130 -> 1
131,9,131 -> 1
132,9,132 -> 1
133,9,133 -> 1
134,9,134 -> 1
135,9,135 -> 1
136,9,136 -> 1
137,9,137 -> 1
138,9,138 -> 1
139,9,139 -> 1
140,9,140 -> 1
141,9,141 -> 1
142,9,142 -> 1
143,9,143 -> 1
144,_,144 -> 1

# Observation function (a,s,o -> p)
0,0,2 -> 1
0,1,2 -> 1
0,2,2 -> 1
0,3,2 -> 1
0,4,2 -> 1
0,5,2 -> 1
0,6,2 -> 1
0,7,2 -> 1
0,8,2 -> 1
0,9,2 -> 1
0,10,2 -> 1
0,11,2 -> 1
0,12,2 -> 1
0,13,2 -> 1
0,14,2 -> 1
0,15,2 -> 1
0,16,2 -> 1
0,17,2 -> 1
0,18,2 -> 1
0,19,2 -> 1
0,20,2 -> 1
0,21,2 -> 1
0,22,2 -> 1
0,23,2 -> 1
0,24,2 -> 1
0,25,2 -> 1
0,26,2 -> 1
0,27,2 -> 1
0,28,2 -> 1
0,29,2 -> 1
0,30,2 -> 1
0,31,2 -> 1
0,32,2 -> 1
0,33,2 -> 1
0,34,2 -> 1
0,35,2 -> 1
0,36,2 -> 1
0,37,2 -> 1
0,38,2 -> 1
0,39,2 -> 1
0,40,2 -> 1
0,41,2 -> 1
0,42,2 -> 1
0,43,2 -> 1
0,44,2 -> 1
0,45,2 -> 1
0,46,2 -> 1
0,47,2 -> 1
0,48,2 -> 1
0,49,2 -> 1
0,50,2 -> 1
0,51,2 -> 1
0,52,2 -> 1
0,53,2 -> 1
0,54,2 -> 1
0,55,2 -> 1
0,56,2 -> 1
0,57,2 -> 1
0,58,2 -> 1
0,59,2 -> 1
0,60,2 -> 1
0,61,2 -> 1
0,62,2 -> 1
0,63,2 -> 1
0,64,2 -> 1
0,65,2 -> 1
0,66,2 -> 1
0,67,2 -> 1
0,68,2 -> 1
0,69,2 -> 1
0,70,2 -> 1
0,71,2 -> 1
0,72,2 -> 1
0,73,2 -> 1
0,74,2 -> 1
0,75,2 -> 1
0,76,2 -> 1
0,77,2 -> 1
0,78,2 -> 1
0,79,2 -> 1
0,80,2 -> 1
0,81,2 -> 1
0,82,2 -> 1
0,83,2 -> 1
0,84,2 -> 1
0,85,2 -> 1
0,86,2 -> 1
0,87,2 -> 1
0,88,2 -> 1
0,89,2 -> 1
0,90,2 -> 1
0,91,2 -> 1
0,92,2 -> 1
0,93,2 -> 1
0,94,2 -> 1
0,95,2 -> 1
0,96,2 -> 1
0,97,2 -> 1
0,98,2 -> 1
0,99,2 -> 1
0,100,2 -> 1
0,101,2 -> 1
0,102,2 -> 1
0,103,2 -> 1
0,104,2 -> 1
0,105,2 -> 1
0,106,2 -> 1
0,107,2 -> 1
0,108,2 -> 1
0,109,2 -> 1
0,110,2 -> 1
0,111,2 -> 1
0,112,2 -> 1
0,113,2 -> 1
0,114,2 -> 1
0,115,2 -> 1
0,116,2 -> 1
0,117,2 -> 1
0,118,2 -> 1
0,119,2 -> 1
0,120,2 -> 1
0,121,2 -> 1
0,122,2 -> 1
0,123,2 -> 1
0,124,2 -> 1
0,125,2 -> 1
0,126,2 -> 1
0,127,2 -> 1
0,128,2 -> 1
0,129,2 -> 1
0,130,2 -> 1
0,131,2 -> 1
0,132,2 -> 1
0,133,2 -> 1
0,134,2 -> 1
0,135,2 -> 1
0,136,2 -> 1
0,137,2 -> 1
0,138,2 -> 1
0,139,2 -> 1
0,140,2 -> 1
0,141,2 -> 1
0,142,2 -> 1
0,143,2 -> 1
1,0,2 -> 1
1,1,2 -> 1
1,2,2 -> 1
1,3,2 -> 1
1,4,2 -> 1
1,5,2 -> 1
1,6,2 -> 1
1,7,2 -> 1
1,8,2 -> 1
1,9,2 -> 1
1,10,2 -> 1
1,11,2 -> 1
1,12,2 -> 1
1,13,2 -> 1
1,14,2 -> 1
1,15,2 -> 1
1,16,2 -> 1
1,17,2 -> 1
1,18,2 -> 1
1,19,2 -> 1
1,20,2 -> 1
1,21,2 -> 1
1,22,2 -> 1
1,23,2 -> 1
1,24,2 -> 1
1,25,2 -> 1
1,26,2 -> 1
1,27,2 -> 1
1,28,2 -> 1
1,29,2 -> 1
1,30,2 -> 1
1,31,2 -> 1
1,32,2 -> 1
1,33,2 -> 1
1,34,2 -> 1
1,35,2 -> 1
1,36,2 -> 1
1,37,2 -> 1
1,38,2 -> 1
1,39,2 -> 1
1,40,2 -> 1
1,41,2 -> 1
1,42,2 -> 1
1,43,2 -> 1
1,44,2 -> 1
1,45,2 -> 1
1,46,2 -> 1
1,47,2 -> 1
1,48,2 -> 1
1,49,2 -> 1
1,50,2 -> 1
1,51,2 -> 1
1,52,2 -> 1
1,53,2 -> 1
1,54,2 -> 1
1,55,2 -> 1
1,56,2 -> 1
1,57,2 -> 1
1,58,2 -> 1
1,59,2 -> 1
1,60,2 -> 1
1,61,2 -> 1
1,62,2 -> 1
1,63,2 -> 1
1,64,2 -> 1
1,65,2 -> 1
1,66,2 -> 1
1,67,2 -> 1
1,68,2 -> 1
1,69,2 -> 1
1,70,2 -> 1
1,71,2 -> 1
1,72,2 -> 1
1,73,2 -> 1
1,74,2 -> 1
1,75,2 -> 1
1,76,2 -> 1
1,77,2 -> 1
1,78,2 -> 1
1,79,2 -> 1
1,80,2 -> 1
1,81,2 -> 1
1,82,2 -> 1
1,83,2 -> 1
1,84,2 -> 1
1,85,2 -> 1
1,86,2 -> 1
1,87,2 -> 1
1,88,2 -> 1
1,89,2 -> 1
1,90,2 -> 1
1,91,2 -> 1
1,92,2 -> 1
1,93,2 -> 1
1,94,2 -> 1
1,95,2 -> 1
1,96,2 -> 1
1,97,2 -> 1
1,98,2 -> 1
1,99,2 -> 1
1,100,2 -> 1
1,101,2 -> 1
1,102,2 -> 1
1,103,2 -> 1
1,104,2 -> 1
1,105,2 -> 1
1,106,2 -> 1
1,107,2 -> 1
1,108,2 -> 1
1,109,2 -> 1
1,110,2 -> 1
1,111,2 -> 1
1,112,2 -> 1
1,113,2 -> 1
1,114,2 -> 1
1,115,2 -> 1
1,116,2 -> 1
1,117,2 -> 1
1,118,2 -> 1
1,119,2 -> 1
1,120,2 -> 1
1,121,2 -> 1
1,122,2 -> 1
1,123,2 -> 1
1,124,2 -> 1
1,125,2 -> 1
1,126,2 -> 1
1,127,2 -> 1
1,128,2 -> 1
1,129,2 -> 1
1,130,2 -> 1
1,131,2 -> 1
1,132,2 -> 1
1,133,2 -> 1
1,134,2 -> 1
1,135,2 -> 1
1,136,2 -> 1
1,137,2 -> 1
1,138,2 -> 1
1,139,2 -> 1
1,140,2 -> 1
1,141,2 -> 1
1,142,2 -> 1
1,143,2 -> 1
2,0,2 -> 1
2,1,2 -> 1
2,2,2 -> 1
2,3,2 -> 1
2,4,2 -> 1
2,5,2 -> 1
2,6,2 -> 1
2,7,2 -> 1
2,8,2 -> 1
2,9,2 -> 1
2,10,2 -> 1
2,11,2 -> 1
2,12,2 -> 1
2,13,2 -> 1
2,14,2 -> 1
2,15,2 -> 1
2,16,2 -> 1
2,17,2 -> 1
2,18,2 -> 1
2,19,2 -> 1
2,20,2 -> 1
2,21,2 -> 1
2,22,2 -> 1
2,23,2 -> 1
2,24,2 -> 1
2,25,2 -> 1
2,26,2 -> 1
2,27,2 -> 1
2,28,2 -> 1
2,29,2 -> 1
2,30,2 -> 1
2,31,2 -> 1
2,32,2 -> 1
2,33,2 -> 1
2,34,2 -> 1
2,35,2 -> 1
2,36,2 -> 1
2,37,2 -> 1
2,38,2 -> 1
2,39,2 -> 1
2,40,2 -> 1
2,41,2 -> 1
2,42,2 -> 1
2,43,2 -> 1
2,44,2 -> 1
2,45,2 -> 1
2,46,2 -> 1
2,47,2 -> 1
2,48,2 -> 1
2,49,2 -> 1
2,50,2 -> 1
2,51,2 -> 1
2,52,2 -> 1
2,53,2 -> 1
2,54,2 -> 1
2,55,2 -> 1
2,56,2 -> 1
2,57,2 -> 1
2,58,2 -> 1
2,59,2 -> 1
2,60,2 -> 1
2,61,2 -> 1
2,62,2 -> 1
2,63,2 -> 1
2,64,2 -> 1
2,65,2 -> 1
2,66,2 -> 1
2,67,2 -> 1
2,68,2 -> 1
2,69,2 -> 1
2,70,2 -> 1
2,71,2 -> 1
2,72,2 -> 1
2,73,2 -> 1
2,74,2 -> 1
2,75,2 -> 1
2,76,2 -> 1
2,77,2 -> 1
2,78,2 -> 1
2,79,2 -> 1
2,80,2 -> 1
2,81,2 -> 1
2,82,2 -> 1
2,83,2 -> 1
2,84,2 -> 1
2,85,2 -> 1
2,86,2 -> 1
2,87,2 -> 1
2,88,2 -> 1
2,89,2 -> 1
2,90,2 -> 1
2,91,2 -> 1
2,92,2 -> 1
2,93,2 -> 1
2,94,2 -> 1
2,95,2 -> 1
2,96,2 -> 1
2,97,2 -> 1
2,98,2 -> 1
2,99,2 -> 1
2,100,2 -> 1
2,101,2 -> 1
2,102,2 -> 1
2,103,2 -> 1
2,104,2 -> 1
2,105,2 -> 1
2,106,2 -> 1
2,107,2 -> 1
2,108,2 -> 1
2,109,2 -> 1
2,110,2 -> 1
2,111,2 -> 1
2,112,2 -> 1
2,113,2 -> 1
2,114,2 -> 1
2,115,2 -> 1
2,116,2 -> 1
2,117,2 -> 1
2,118,2 -> 1
2,119,2 -> 1
2,120,2 -> 1
2,121,2 -> 1
2,122,2 -> 1
2,123,2 -> 1
2,124,2 -> 1
2,125,2 -> 1
2,126,2 -> 1
2,127,2 -> 1
2,128,2 -> 1
2,129,2 -> 1
2,130,2 -> 1
2,131,2 -> 1
2,132,2 -> 1
2,133,2 -> 1
2,134,2 -> 1
2,135,2 -> 1
2,136,2 -> 1
2,137,2 -> 1
2,138,2 -> 1
2,139,2 -> 1
2,140,2 -> 1
2,141,2 -> 1
2,142,2 -> 1
2,143,2 -> 1
3,0,2 -> 1
3,1,2 -> 1
3,2,2 -> 1
3,3,2 -> 1
3,4,2 -> 1
3,5,2 -> 1
3,6,2 -> 1
3,7,2 -> 1
3,8,2 -> 1
3,9,2 -> 1
3,10,2 -> 1
3,11,2 -> 1
3,12,2 -> 1
3,13,2 -> 1
3,14,2 -> 1
3,15,2 -> 1
3,16,2 -> 1
3,17,2 -> 1
3,18,2 -> 1
3,19,2 -> 1
3,20,2 -> 1
3,21,2 -> 1
3,22,2 -> 1
3,23,2 -> 1
3,24,2 -> 1
3,25,2 -> 1
3,26,2 -> 1
3,27,2 -> 1
3,28,2 -> 1
3,29,2 -> 1
3,30,2 -> 1
3,31,2 -> 1
3,32,2 -> 1
3,33,2 -> 1
3,34,2 -> 1
3,35,2 -> 1
3,36,2 -> 1
3,37,2 -> 1
3,38,2 -> 1
3,39,2 -> 1
3,40,2 -> 1
3,41,2 -> 1
3,42,2 -> 1
3,43,2 -> 1
3,44,2 -> 1
3,45,2 -> 1
3,46,2 -> 1
3,47,2 -> 1
3,48,2 -> 1
3,49,2 -> 1
3,50,2 -> 1
3,51,2 -> 1
3,52,2 -> 1
3,53,2 -> 1
3,54,2 -> 1
3,55,2 -> 1
3,56,2 -> 1
3,57,2 -> 1
3,58,2 -> 1
3,59,2 -> 1
3,60,2 -> 1
3,61,2 -> 1
3,62,2 -> 1
3,63,2 -> 1
3,64,2 -> 1
3,65,2 -> 1
3,66,2 -> 1
3,67,2 -> 1
3,68,2 -> 1
3,69,2 -> 1
3,70,2 -> 1
3,71,2 -> 1
3,72,2 -> 1
3,73,2 -> 1
3,74,2 -> 1
3,75,2 -> 1
3,76,2 -> 1
3,77,2 -> 1
3,78,2 -> 1
3,79,2 -> 1
3,80,2 -> 1
3,81,2 -> 1
3,82,2 -> 1
3,83,2 -> 1
3,84,2 -> 1
3,85,2 -> 1
3,86,2 -> 1
3,87,2 -> 1
3,88,2 -> 1
3,89,2 -> 1
3,90,2 -> 1
3,91,2 -> 1
3,92,2 -> 1
3,93,2 -> 1
3,94,2 -> 1
3,95,2 -> 1
3,96,2 -> 1
3,97,2 -> 1
3,98,2 -> 1
3,99,2 -> 1
3,100,2 -> 1
3,101,2 -> 1
3,102,2 -> 1
3,103,2 -> 1
3,104,2 -> 1
3,105,2 -> 1
3,106,2 -> 1
3,107,2 -> 1
3,108,2 -> 1
3,109,2 -> 1
3,110,2 -> 1
3,111,2 -> 1
3,112,2 -> 1
3,113,2 -> 1
3,114,2 -> 1
3,115,2 -> 1
3,116,2 -> 1
3,117,2 -> 1
3,118,2 -> 1
3,119,2 -> 1
3,120,2 -> 1
3,121,2 -> 1
3,122,2 -> 1
3,123,2 -> 1
3,124,2 -> 1
3,125,2 -> 1
3,126,2 -> 1
3,127,2 -> 1
3,128,2 -> 1
3,129,2 -> 1
3,130,2 -> 1
3,131,2 -> 1
3,132,2 -> 1
3,133,2 -> 1
3,134,2 -> 1
3,135,2 -> 1
3,136,2 -> 1
3,137,2 -> 1
3,138,2 -> 1
3,139,2 -> 1
3,140,2 -> 1
3,141,2 -> 1
3,142,2 -> 1
3,143,2 -> 1
4,0,2 -> 1
4,1,2 -> 1
4,2,2 -> 1
4,3,2 -> 1
4,4,2 -> 1
4,5,2 -> 1
4,6,2 -> 1
4,7,2 -> 1
4,8,2 -> 1
4,9,2 -> 1
4,10,2 -> 1
4,11,2 -> 1
4,12,2 -> 1
4,13,2 -> 1
4,14,2 -> 1
4,15,2 -> 1
4,16,2 -> 1
4,17,2 -> 1
4,18,2 -> 1
4,19,2 -> 1
4,20,2 -> 1
4,21,2 -> 1
4,22,2 -> 1
4,23,2 -> 1
4,24,2 -> 1
4,25,2 -> 1
4,26,2 -> 1
4,27,2 -> 1
4,28,2 -> 1
4,29,2 -> 1
4,30,2 -> 1
4,31,2 -> 1
4,32,2 -> 1
4,33,2 -> 1
4,34,2 -> 1
4,35,2 -> 1
4,36,2 -> 1
4,37,2 -> 1
4,38,2 -> 1
4,39,2 -> 1
4,40,2 -> 1
4,41,2 -> 1
4,42,2 -> 1
4,43,2 -> 1
4,44,2 -> 1
4,45,2 -> 1
4,46,2 -> 1
4,47,2 -> 1
4,48,2 -> 1
4,49,2 -> 1
4,50,2 -> 1
4,51,2 -> 1
4,52,2 -> 1
4,53,2 -> 1
4,54,2 -> 1
4,55,2 -> 1
4,56,2 -> 1
4,57,2 -> 1
4,58,2 -> 1
4,59,2 -> 1
4,60,2 -> 1
4,61,2 -> 1
4,62,2 -> 1
4,63,2 -> 1
4,64,2 -> 1
4,65,2 -> 1
4,66,2 -> 1
4,67,2 -> 1
4,68,2 -> 1
4,69,2 -> 1
4,70,2 -> 1
4,71,2 -> 1
4,72,2 -> 1
4,73,2 -> 1
4,74,2 -> 1
4,75,2 -> 1
4,76,2 -> 1
4,77,2 -> 1
4,78,2 -> 1
4,79,2 -> 1
4,80,2 -> 1
4,81,2 -> 1
4,82,2 -> 1
4,83,2 -> 1
4,84,2 -> 1
4,85,2 -> 1
4,86,2 -> 1
4,87,2 -> 1
4,88,2 -> 1
4,89,2 -> 1
4,90,2 -> 1
4,91,2 -> 1
4,92,2 -> 1
4,93,2 -> 1
4,94,2 -> 1
4,95,2 -> 1
4,96,2 -> 1
4,97,2 -> 1
4,98,2 -> 1
4,99,2 -> 1
4,100,2 -> 1
4,101,2 -> 1
4,102,2 -> 1
4,103,2 -> 1
4,104,2 -> 1
4,105,2 -> 1
4,106,2 -> 1
4,107,2 -> 1
4,108,2 -> 1
4,109,2 -> 1
4,110,2 -> 1
4,111,2 -> 1
4,112,2 -> 1
4,113,2 -> 1
4,114,2 -> 1
4,115,2 -> 1
4,116,2 -> 1
4,117,2 -> 1
4,118,2 -> 1
4,119,2 -> 1
4,120,2 -> 1
4,121,2 -> 1
4,122,2 -> 1
4,123,2 -> 1
4,124,2 -> 1
4,125,2 -> 1
4,126,2 -> 1
4,127,2 -> 1
4,128,2 -> 1
4,129,2 -> 1
4,130,2 -> 1
4,131,2 -> 1
4,132,2 -> 1
4,133,2 -> 1
4,134,2 -> 1
4,135,2 -> 1
4,136,2 -> 1
4,137,2 -> 1
4,138,2 -> 1
4,139,2 -> 1
4,140,2 -> 1
4,141,2 -> 1
4,142,2 -> 1
4,143,2 -> 1
5,0,0 -> 0.75
5,0,1 -> 0.25
5,1,1 -> 0.75
5,1,0 -> 0.25
5,2,0 -> 0.75
5,2,1 -> 0.25
5,3,0 -> 0.75
5,3,1 -> 0.25
5,4,0 -> 0.75
5,4,1 -> 0.25
5,5,0 -> 0.75
5,5,1 -> 0.25
5,6,1 -> 0.75
5,6,0 -> 0.25
5,7,1 -> 0.75
5,7,0 -> 0.25
5,8,1 -> 0.75
5,8,0 -> 0.25
5,9,1 -> 0.75
5,9,0 -> 0.25
5,10,0 -> 0.75
5,10,1 -> 0.25
5,11,0 -> 0.75
5,11,1 -> 0.25
5,12,0 -> 0.75
5,12,1 -> 0.25
5,13,0 -> 0.75
5,13,1 -> 0.25
5,14,0 -> 0.75
5,14,1 -> 0.25
5,15,0 -> 0.75
5,15,1 -> 0.25
5,16,0 -> 0.687607
5,16,1 -> 0.312393
5,17,1 -> 0.687607
5,17,0 -> 0.312393
5,18,0 -> 0.687607
5,18,1 -> 0.312393
5,19,0 -> 0.687607
5,19,1 -> 0.312393
5,20,0 -> 0.687607
5,20,1 -> 0.312393
5,21,0 -> 0.687607
5,21,1 -> 0.312393
5,22,1 -> 0.687607
5,22,0 -> 0.312393
5,23,1 -> 0.687607
5,23,0 -> 0.312393
5,24,1 -> 0.687607
5,24,0 -> 0.312393
5,25,1 -> 0.687607
5,25,0 -> 0.312393
5,26,0 -> 0.687607
5,26,1 -> 0.312393
5,27,0 -> 0.687607
5,27,1 -> 0.312393
5,28,0 -> 0.687607
5,28,1 -> 0.312393
5,29,0 -> 0.687607
5,29,1 -> 0.312393
5,30,0 -> 0.687607
5,30,1 -> 0.312393
5,31,0 -> 0.687607
5,31,1 -> 0.312393
5,32,0 -> 0.606132
5,32,1 -> 0.393868
5,33,1 -> 0.606132
5,33,0 -> 0.393868
5,34,0 -> 0.606132
5,34,1 -> 0.393868
5,35,0 -> 0.606132
5,35,1 -> 0.393868
5,36,0 -> 0.606132
5,36,1 -> 0.393868
5,37,0 -> 0.606132
5,37,1 -> 0.393868
5,38,1 -> 0.606132
5,38,0 -> 0.393868
5,39,1 -> 0.606132
5,39,0 -> 0.393868
5,40,1 -> 0.606132
5,40,0 -> 0.393868
5,41,1 -> 0.606132
5,41,0 -> 0.393868
5,42,0 -> 0.606132
5,42,1 -> 0.393868
5,43,0 -> 0.606132
5,43,1 -> 0.393868
5,44,0 -> 0.606132
5,44,1 -> 0.393868
5,45,0 -> 0.606132
5,45,1 -> 0.393868
5,46,0 -> 0.606132
5,46,1 -> 0.393868
5,47,0 -> 0.606132
5,47,1 -> 0.393868
5,48,0 -> 1.0
5,48,1 -> 0.0
5,49,1 -> 1.0
5,49,0 -> 0.0
5,50,0 -> 1.0
5,50,1 -> 0.0
5,51,0 -> 1.0
5,51,1 -> 0.0
5,52,0 -> 1.0
5,52,1 -> 0.0
5,53,0 -> 1.0
5,53,1 -> 0.0
5,54,1 -> 1.0
5,54,0 -> 0.0
5,55,1 -> 1.0
5,55,0 -> 0.0
5,56,1 -> 1.0
5,56,0 -> 0.0
5,57,1 -> 1.0
5,57,0 -> 0.0
5,58,0 -> 1.0
5,58,1 -> 0.0
5,59,0 -> 1.0
5,59,1 -> 0.0
5,60,0 -> 1.0
5,60,1 -> 0.0
5,61,0 -> 1.0
5,61,1 -> 0.0
5,62,0 -> 1.0
5,62,1 -> 0.0
5,63,0 -> 1.0
5,63,1 -> 0.0
5,64,0 -> 0.75
5,64,1 -> 0.25
5,65,1 -> 0.75
5,65,0 -> 0.25
5,66,0 -> 0.75
5,66,1 -> 0.25
5,67,0 -> 0.75
5,67,1 -> 0.25
5,68,0 -> 0.75
5,68,1 -> 0.25
5,69,0 -> 0.75
5,69,1 -> 0.25
5,70,1 -> 0.75
5,70,0 -> 0.25
5,71,1 -> 0.75
5,71,0 -> 0.25
5,72,1 -> 0.75
5,72,0 -> 0.25
5,73,1 -> 0.75
5,73,0 -> 0.25
5,74,0 -> 0.75
5,74,1 -> 0.25
5,75,0 -> 0.75
5,75,1 -> 0.25
5,76,0 -> 0.75
5,76,1 -> 0.25
5,77,0 -> 0.75
5,77,1 -> 0.25
5,78,0 -> 0.75
5,78,1 -> 0.25
5,79,0 -> 0.75
5,79,1 -> 0.25
5,80,0 -> 0.625
5,80,1 -> 0.375
5,81,1 -> 0.625
5,81,0 -> 0.375
5,82,0 -> 0.625
5,82,1 -> 0.375
5,83,0 -> 0.625
5,83,1 -> 0.375
5,84,0 -> 0.625
5,84,1 -> 0.375
5,85,0 -> 0.625
5,85,1 -> 0.375
5,86,1 -> 0.625
5,86,0 -> 0.375
5,87,1 -> 0.625
5,87,0 -> 0.375
5,88,1 -> 0.625
5,88,0 -> 0.375
5,89,1 -> 0.625
5,89,0 -> 0.375
5,90,0 -> 0.625
5,90,1 -> 0.375
5,91,0 -> 0.625
5,91,1 -> 0.375
5,92,0 -> 0.625
5,92,1 -> 0.375
5,93,0 -> 0.625
5,93,1 -> 0.375
5,94,0 -> 0.625
5,94,1 -> 0.375
5,95,0 -> 0.625
5,95,1 -> 0.375
5,96,0 -> 0.75
5,96,1 -> 0.25
5,97,1 -> 0.75
5,97,0 -> 0.25
5,98,0 -> 0.75
5,98,1 -> 0.25
5,99,0 -> 0.75
5,99,1 -> 0.25
5,100,0 -> 0.75
5,100,1 -> 0.25
5,101,0 -> 0.75
5,101,1 -> 0.25
5,102,1 -> 0.75
5,102,0 -> 0.25
5,103,1 -> 0.75
5,103,0 -> 0.25
5,104,1 -> 0.75
5,104,0 -> 0.25
5,105,1 -> 0.75
5,105,0 -> 0.25
5,106,0 -> 0.75
5,106,1 -> 0.25
5,107,0 -> 0.75
5,107,1 -> 0.25
5,108,0 -> 0.75
5,108,1 -> 0.25
5,109,0 -> 0.75
5,109,1 -> 0.25
5,110,0 -> 0.75
5,110,1 -> 0.25
5,111,0 -> 0.75
5,111,1 -> 0.25
5,112,0 -> 0.687607
5,112,1 -> 0.312393
5,113,1 -> 0.687607
5,113,0 -> 0.312393
5,114,0 -> 0.687607
5,114,1 -> 0.312393
5,115,0 -> 0.687607
5,115,1 -> 0.312393
5,116,0 -> 0.687607
5,116,1 -> 0.312393
5,117,0 -> 0.687607
5,117,1 -> 0.312393
5,118,1 -> 0.687607
5,118,0 -> 0.312393
5,119,1 -> 0.687607
5,119,0 -> 0.312393
5,120,1 -> 0.687607
5,120,0 -> 0.312393
5,121,1 -> 0.687607
5,121,0 -> 0.312393
5,122,0 -> 0.687607
5,122,1 -> 0.312393
5,123,0 -> 0.687607
5,123,1 -> 0.312393
5,124,0 -> 0.687607
5,124,1 -> 0.312393
5,125,0 -> 0.687607
5,125,1 -> 0.312393
5,126,0 -> 0.687607
5,126,1 -> 0.312393
5,127,0 -> 0.687607
5,127,1 -> 0.312393
5,128,0 -> 0.606132
5,128,1 -> 0.393868
5,129,1 -> 0.606132
5,129,0 -> 0.393868
5,130,0 -> 0.606132
5,130,1 -> 0.393868
5,131,0 -> 0.606132
5,131,1 -> 0.393868
5,132,0 -> 0.606132
5,132,1 -> 0.393868
5,133,0 -> 0.606132
5,133,1 -> 0.393868
5,134,1 -> 0.606132
5,134,0 -> 0.393868
5,135,1 -> 0.606132
5,135,0 -> 0.393868
5,136,1 -> 0.606132
5,136,0 -> 0.393868
5,137,1 -> 0.606132
5,137,0 -> 0.393868
5,138,0 -> 0.606132
5,138,1 -> 0.393868
5,139,0 -> 0.606132
5,139,1 -> 0.393868
5,140,0 -> 0.606132
5,140,1 -> 0.393868
5,141,0 -> 0.606132
5,141,1 -> 0.393868
5,142,0 -> 0.606132
5,142,1 -> 0.393868
5,143,0 -> 0.606132
5,143,1 -> 0.393868
6,0,0 -> 0.606132
6,0,1 -> 0.393868
6,1,0 -> 0.606132
6,1,1 -> 0.393868
6,2,1 -> 0.606132
6,2,0 -> 0.393868
6,3,0 -> 0.606132
6,3,1 -> 0.393868
6,4,0 -> 0.606132
6,4,1 -> 0.393868
6,5,0 -> 0.606132
6,5,1 -> 0.393868
6,6,1 -> 0.606132
6,6,0 -> 0.393868
6,7,0 -> 0.606132
6,7,1 -> 0.393868
6,8,0 -> 0.606132
6,8,1 -> 0.393868
6,9,0 -> 0.606132
6,9,1 -> 0.393868
6,10,1 -> 0.606132
6,10,0 -> 0.393868
6,11,1 -> 0.606132
6,11,0 -> 0.393868
6,12,1 -> 0.606132
6,12,0 -> 0.393868
6,13,0 -> 0.606132
6,13,1 -> 0.393868
6,14,0 -> 0.606132
6,14,1 -> 0.393868
6,15,0 -> 0.606132
6,15,1 -> 0.393868
6,16,0 -> 0.687607
6,16,1 -> 0.312393
6,17,0 -> 0.687607
6,17,1 -> 0.312393
6,18,1 -> 0.687607
6,18,0 -> 0.312393
6,19,0 -> 0.687607
6,19,1 -> 0.312393
6,20,0 -> 0.687607
6,20,1 -> 0.312393
6,21,0 -> 0.687607
6,21,1 -> 0.312393
6,22,1 -> 0.687607
6,22,0 -> 0.312393
6,23,0 -> 0.687607
6,23,1 -> 0.312393
6,24,0 -> 0.687607
6,24,1 -> 0.312393
6,25,0 -> 0.687607
6,25,1 -> 0.312393
6,26,1 -> 0.687607
6,26,0 -> 0.312393
6,27,1 -> 0.687607
6,27,0 -> 0.312393
6,28,1 -> 0.687607
6,28,0 -> 0.312393
6,29,0 -> 0.687607
6,29,1 -> 0.312393
6,30,0 -> 0.687607
6,30,1 -> 0.312393
6,31,0 -> 0.687607
6,31,1 -> 0.312393
6,32,0 -> 0.75
6,32,1 -> 0.25
6,33,0 -> 0.75
6,33,1 -> 0.25
6,34,1 -> 0.75
6,34,0 -> 0.25
6,35,0 -> 0.75
6,35,1 -> 0.25
6,36,0 -> 0.75
6,36,1 -> 0.25
6,37,0 -> 0.75
6,37,1 -> 0.25
6,38,1 -> 0.75
6,38,0 -> 0.25
6,39,0 -> 0.75
6,39,1 -> 0.25
6,40,0 -> 0.75
6,40,1 -> 0.25
6,41,0 -> 0.75
6,41,1 -> 0.25
6,42,1 -> 0.75
6,42,0 -> 0.25
6,43,1 -> 0.75
6,43,0 -> 0.25
6,44,1 -> 0.75
6,44,0 -> 0.25
6,45,0 -> 0.75
6,45,1 -> 0.25
6,46,0 -> 0.75
6,46,1 -> 0.25
6,47,0 -> 0.75
6,47,1 -> 0.25
6,48,0 -> 0.625
6,48,1 -> 0.375
6,49,0 -> 0.625
6,49,1 -> 0.375
6,50,1 -> 0.625
6,50,0 -> 0.375
6,51,0 -> 0.625
6,51,1 -> 0.375
6,52,0 -> 0.625
6,52,1 -> 0.375
6,53,0 -> 0.625
6,53,1 -> 0.375
6,54,1 -> 0.625
6,54,0 -> 0.375
6,55,0 -> 0.625
6,55,1 -> 0.375
6,56,0 -> 0.625
6,56,1 -> 0.375
6,57,0 -> 0.625
6,57,1 -> 0.375
6,58,1 -> 0.625
6,58,0 -> 0.375
6,59,1 -> 0.625
6,59,0 -> 0.375
6,60,1 -> 0.625
6,60,0 -> 0.375
6,61,0 -> 0.625
6,61,1 -> 0.375
6,62,0 -> 0.625
6,62,1 -> 0.375
6,63,0 -> 0.625
6,63,1 -> 0.375
6,64,0 -> 0.75
6,64,1 -> 0.25
6,65,0 -> 0.75
6,65,1 -> 0.25
6,66,1 -> 0.75
6,66,0 -> 0.25
6,67,0 -> 0.75
6,67,1 -> 0.25
6,68,0 -> 0.75
6,68,1 -> 0.25
6,69,0 -> 0.75
6,69,1 -> 0.25
6,70,1 -> 0.75
6,70,0 -> 0.25
6,71,0 -> 0.75
6,71,1 -> 0.25
6,72,0 -> 0.75
6,72,1 -> 0.25
6,73,0 -> 0.75
6,73,1 -> 0.25
6,74,1 -> 0.75
6,74,0 -> 0.25
6,75,1 -> 0.75
6,75,0 -> 0.25
6,76,1 -> 0.75
6,76,0 -> 0.25
6,77,0 -> 0.75
6,77,1 -> 0.25
6,78,0 -> 0.75
6,78,1 -> 0.25
6,79,0 -> 0.75
6,79,1 -> 0.25
6,80,0 -> 1.0
6,80,1 -> 0.0
6,81,0 -> 1.0
6,81,1 -> 0.0
6,82,1 -> 1.0
6,82,0 -> 0.0
6,83,0 -> 1.0
6,83,1 -> 0.0
6,84,0 -> 1.0
6,84,1 -> 0.0
6,85,0 -> 1.0
6,85,1 -> 0.0
6,86,1 -> 1.0
6,86,0 -> 0.0
6,87,0 -> 1.0
6,87,1 -> 0.0
6,88,0 -> 1.0
6,88,1 -> 0.0
6,89,0 -> 1.0
6,89,1 -> 0.0
6,90,1 -> 1.0
6,90,0 -> 0.0
6,91,1 -> 1.0
6,91,0 -> 0.0
6,92,1 -> 1.0
6,92,0 -> 0.0
6,93,0 -> 1.0
6,93,1 -> 0.0
6,94,0 -> 1.0
6,94,1 -> 0.0
6,95,0 -> 1.0
6,95,1 -> 0.0
6,96,0 -> 0.606132
6,96,1 -> 0.393868
6,97,0 -> 0.606132
6,97,1 -> 0.393868
6,98,1 -> 0.606132
6,98,0 -> 0.393868
6,99,0 -> 0.606132
6,99,1 -> 0.393868
6,100,0 -> 0.606132
6,100,1 -> 0.393868
6,101,0 -> 0.606132
6,101,1 -> 0.393868
6,102,1 -> 0.606132
6,102,0 -> 0.393868
6,103,0 -> 0.606132
6,103,1 -> 0.393868
6,104,0 -> 0.606132
6,104,1 -> 0.393868
6,105,0 -> 0.606132
6,105,1 -> 0.393868
6,106,1 -> 0.606132
6,106,0 -> 0.393868
6,107,1 -> 0.606132
6,107,0 -> 0.393868
6,108,1 -> 0.606132
6,108,0 -> 0.393868
6,109,0 -> 0.606132
6,109,1 -> 0.393868
6,110,0 -> 0.606132
6,110,1 -> 0.393868
6,111,0 -> 0.606132
6,111,1 -> 0.393868
6,112,0 -> 0.687607
6,112,1 -> 0.312393
6,113,0 -> 0.687607
6,113,1 -> 0.312393
6,114,1 -> 0.687607
6,114,0 -> 0.312393
6,115,0 -> 0.687607
6,115,1 -> 0.312393
6,116,0 -> 0.687607
6,116,1 -> 0.312393
6,117,0 -> 0.687607
6,117,1 -> 0.312393
6,118,1 -> 0.687607
6,118,0 -> 0.312393
6,119,0 -> 0.687607
6,119,1 -> 0.312393
6,120,0 -> 0.687607
6,120,1 -> 0.312393
6,121,0 -> 0.687607
6,121,1 -> 0.312393
6,122,1 -> 0.687607
6,122,0 -> 0.312393
6,123,1 -> 0.687607
6,123,0 -> 0.312393
6,124,1 -> 0.687607
6,124,0 -> 0.312393
6,125,0 -> 0.687607
6,125,1 -> 0.312393
6,126,0 -> 0.687607
6,126,1 -> 0.312393
6,127,0 -> 0.687607
6,127,1 -> 0.312393
6,128,0 -> 0.75
6,128,1 -> 0.25
6,129,0 -> 0.75
6,129,1 -> 0.25
6,130,1 -> 0.75
6,130,0 -> 0.25
6,131,0 -> 0.75
6,131,1 -> 0.25
6,132,0 -> 0.75
6,132,1 -> 0.25
6,133,0 -> 0.75
6,133,1 -> 0.25
6,134,1 -> 0.75
6,134,0 -> 0.25
6,135,0 -> 0.75
6,135,1 -> 0.25
6,136,0 -> 0.75
6,136,1 -> 0.25
6,137,0 -> 0.75
6,137,1 -> 0.25
6,138,1 -> 0.75
6,138,0 -> 0.25
6,139,1 -> 0.75
6,139,0 -> 0.25
6,140,1 -> 0.75
6,140,0 -> 0.25
6,141,0 -> 0.75
6,141,1 -> 0.25
6,142,0 -> 0.75
6,142,1 -> 0.25
6,143,0 -> 0.75
6,143,1 -> 0.25
7,0,0 -> 0.625
7,0,1 -> 0.375
7,1,0 -> 0.625
7,1,1 -> 0.375
7,2,0 -> 0.625
7,2,1 -> 0.375
7,3,1 -> 0.625
7,3,0 -> 0.375
7,4,0 -> 0.625
7,4,1 -> 0.375
7,5,0 -> 0.625
7,5,1 -> 0.375
7,6,0 -> 0.625
7,6,1 -> 0.375
7,7,1 -> 0.625
7,7,0 -> 0.375
7,8,0 -> 0.625
7,8,1 -> 0.375
7,9,0 -> 0.625
7,9,1 -> 0.375
7,10,1 -> 0.625
7,10,0 -> 0.375
7,11,0 -> 0.625
7,11,1 -> 0.375
7,12,0 -> 0.625
7,12,1 -> 0.375
7,13,1 -> 0.625
7,13,0 -> 0.375
7,14,1 -> 0.625
7,14,0 -> 0.375
7,15,0 -> 0.625
7,15,1 -> 0.375
7,16,0 -> 0.606132
7,16,1 -> 0.393868
7,17,0 -> 0.606132
7,17,1 -> 0.393868
7,18,0 -> 0.606132
7,18,1 -> 0.393868
7,19,1 -> 0.606132
7,19,0 -> 0.393868
7,20,0 -> 0.606132
7,20,1 -> 0.393868
7,21,0 -> 0.606132
7,21,1 -> 0.393868
7,22,0 -> 0.606132
7,22,1 -> 0.393868
7,23,1 -> 0.606132
7,23,0 -> 0.393868
7,24,0 -> 0.606132
7,24,1 -> 0.393868
7,25,0 -> 0.606132
7,25,1 -> 0.393868
7,26,1 -> 0.606132
7,26,0 -> 0.393868
7,27,0 -> 0.606132
7,27,1 -> 0.393868
7,28,0 -> 0.606132
7,28,1 -> 0.393868
7,29,1 -> 0.606132
7,29,0 -> 0.393868
7,30,1 -> 0.606132
7,30,0 -> 0.393868
7,31,0 -> 0.606132
7,31,1 -> 0.393868
7,32,0 -> 0.570393
7,32,1 -> 0.429607
7,33,0 -> 0.570393
7,33,1 -> 0.429607
7,34,0 -> 0.570393
7,34,1 -> 0.429607
7,35,1 -> 0.570393
7,35,0 -> 0.429607
7,36,0 -> 0.570393
7,36,1 -> 0.429607
7,37,0 -> 0.570393
7,37,1 -> 0.429607
7,38,0 -> 0.570393
7,38,1 -> 0.429607
7,39,1 -> 0.570393
7,39,0 -> 0.429607
7,40,0 -> 0.570393
7,40,1 -> 0.429607
7,41,0 -> 0.570393
7,41,1 -> 0.429607
7,42,1 -> 0.570393
7,42,0 -> 0.429607
7,43,0 -> 0.570393
7,43,1 -> 0.429607
7,44,0 -> 0.570393
7,44,1 -> 0.429607
7,45,1 -> 0.570393
7,45,0 -> 0.429607
7,46,1 -> 0.570393
7,46,0 -> 0.429607
7,47,0 -> 0.570393
7,47,1 -> 0.429607
7,48,0 -> 0.75
7,48,1 -> 0.25
7,49,0 -> 0.75
7,49,1 -> 0.25
7,50,0 -> 0.75
7,50,1 -> 0.25
7,51,1 -> 0.75
7,51,0 -> 0.25
7,52,0 -> 0.75
7,52,1 -> 0.25
7,53,0 -> 0.75
7,53,1 -> 0.25
7,54,0 -> 0.75
7,54,1 -> 0.25
7,55,1 -> 0.75
7,55,0 -> 0.25
7,56,0 -> 0.75
7,56,1 -> 0.25
7,57,0 -> 0.75
7,57,1 -> 0.25
7,58,1 -> 0.75
7,58,0 -> 0.25
7,59,0 -> 0.75
7,59,1 -> 0.25
7,60,0 -> 0.75
7,60,1 -> 0.25
7,61,1 -> 0.75
7,61,0 -> 0.25
7,62,1 -> 0.75
7,62,0 -> 0.25
7,63,0 -> 0.75
7,63,1 -> 0.25
7,64,0 -> 0.687607
7,64,1 -> 0.312393
7,65,0 -> 0.687607
7,65,1 -> 0.312393
7,66,0 -> 0.687607
7,66,1 -> 0.312393
7,67,1 -> 0.687607
7,67,0 -> 0.312393
7,68,0 -> 0.687607
7,68,1 -> 0.312393
7,69,0 -> 0.687607
7,69,1 -> 0.312393
7,70,0 -> 0.687607
7,70,1 -> 0.312393
7,71,1 -> 0.687607
7,71,0 -> 0.312393
7,72,0 -> 0.687607
7,72,1 -> 0.312393
7,73,0 -> 0.687607
7,73,1 -> 0.312393
7,74,1 -> 0.687607
7,74,0 -> 0.312393
7,75,0 -> 0.687607
7,75,1 -> 0.312393
7,76,0 -> 0.687607
7,76,1 -> 0.312393
7,77,1 -> 0.687607
7,77,0 -> 0.312393
7,78,1 -> 0.687607
7,78,0 -> 0.312393
7,79,0 -> 0.687607
7,79,1 -> 0.312393
7,80,0 -> 0.606132
7,80,1 -> 0.393868
7,81,0 -> 0.606132
7,81,1 -> 0.393868
7,82,0 -> 0.606132
7,82,1 -> 0.393868
7,83,1 -> 0.606132
7,83,0 -> 0.393868
7,84,0 -> 0.606132
7,84,1 -> 0.393868
7,85,0 -> 0.606132
7,85,1 -> 0.393868
7,86,0 -> 0.606132
7,86,1 -> 0.393868
7,87,1 -> 0.606132
7,87,0 -> 0.393868
7,88,0 -> 0.606132
7,88,1 -> 0.393868
7,89,0 -> 0.606132
7,89,1 -> 0.393868
7,90,1 -> 0.606132
7,90,0 -> 0.393868
7,91,0 -> 0.606132
7,91,1 -> 0.393868
7,92,0 -> 0.606132
7,92,1 -> 0.393868
7,93,1 -> 0.606132
7,93,0 -> 0.393868
7,94,1 -> 0.606132
7,94,0 -> 0.393868
7,95,0 -> 0.606132
7,95,1 -> 0.393868
7,96,0 -> 1.0
7,96,1 -> 0.0
7,97,0 -> 1.0
7,97,1 -> 0.0
7,98,0 -> 1.0
7,98,1 -> 0.0
7,99,1 -> 1.0
7,99,0 -> 0.0
7,100,0 -> 1.0
7,100,1 -> 0.0
7,101,0 -> 1.0
7,101,1 -> 0.0
7,102,0 -> 1.0
7,102,1 -> 0.0
7,103,1 -> 1.0
7,103,0 -> 0.0
7,104,0 -> 1.0
7,104,1 -> 0.0
7,105,0 -> 1.0
7,105,1 -> 0.0
7,106,1 -> 1.0
7,106,0 -> 0.0
7,107,0 -> 1.0
7,107,1 -> 0.0
7,108,0 -> 1.0
7,108,1 -> 0.0
7,109,1 -> 1.0
7,109,0 -> 0.0
7,110,1 -> 1.0
7,110,0 -> 0.0
7,111,0 -> 1.0
7,111,1 -> 0.0
7,112,0 -> 0.75
7,112,1 -> 0.25
7,113,0 -> 0.75
7,113,1 -> 0.25
7,114,0 -> 0.75
7,114,1 -> 0.25
7,115,1 -> 0.75
7,115,0 -> 0.25
7,116,0 -> 0.75
7,116,1 -> 0.25
7,117,0 -> 0.75
7,117,1 -> 0.25
7,118,0 -> 0.75
7,118,1 -> 0.25
7,119,1 -> 0.75
7,119,0 -> 0.25
7,120,0 -> 0.75
7,120,1 -> 0.25
7,121,0 -> 0.75
7,121,1 -> 0.25
7,122,1 -> 0.75
7,122,0 -> 0.25
7,123,0 -> 0.75
7,123,1 -> 0.25
7,124,0 -> 0.75
7,124,1 -> 0.25
7,125,1 -> 0.75
7,125,0 -> 0.25
7,126,1 -> 0.75
7,126,0 -> 0.25
7,127,0 -> 0.75
7,127,1 -> 0.25
7,128,0 -> 0.625
7,128,1 -> 0.375
7,129,0 -> 0.625
7,129,1 -> 0.375
7,130,0 -> 0.625
7,130,1 -> 0.375
7,131,1 -> 0.625
7,131,0 -> 0.375
7,132,0 -> 0.625
7,132,1 -> 0.375
7,133,0 -> 0.625
7,133,1 -> 0.375
7,134,0 -> 0.625
7,134,1 -> 0.375
7,135,1 -> 0.625
7,135,0 -> 0.375
7,136,0 -> 0.625
7,136,1 -> 0.375
7,137,0 -> 0.625
7,137,1 -> 0.375
7,138,1 -> 0.625
7,138,0 -> 0.375
7,139,0 -> 0.625
7,139,1 -> 0.375
7,140,0 -> 0.625
7,140,1 -> 0.375
7,141,1 -> 0.625
7,141,0 -> 0.375
7,142,1 -> 0.625
7,142,0 -> 0.375
7,143,0 -> 0.625
7,143,1 -> 0.375
8,0,0 -> 0.625
8,0,1 -> 0.375
8,1,0 -> 0.625
8,1,1 -> 0.375
8,2,0 -> 0.625
8,2,1 -> 0.375
8,3,0 -> 0.625
8,3,1 -> 0.375
8,4,1 -> 0.625
8,4,0 -> 0.375
8,5,0 -> 0.625
8,5,1 -> 0.375
8,6,0 -> 0.625
8,6,1 -> 0.375
8,7,0 -> 0.625
8,7,1 -> 0.375
8,8,1 -> 0.625
8,8,0 -> 0.375
8,9,0 -> 0.625
8,9,1 -> 0.375
8,10,0 -> 0.625
8,10,1 -> 0.375
8,11,1 -> 0.625
8,11,0 -> 0.375
8,12,0 -> 0.625
8,12,1 -> 0.375
8,13,1 -> 0.625
8,13,0 -> 0.375
8,14,0 -> 0.625
8,14,1 -> 0.375
8,15,1 -> 0.625
8,15,0 -> 0.375
8,16,0 -> 0.75
8,16,1 -> 0.25
8,17,0 -> 0.75
8,17,1 -> 0.25
8,18,0 -> 0.75
8,18,1 -> 0.25
8,19,0 -> 0.75
8,19,1 -> 0.25
8,20,1 -> 0.75
8,20,0 -> 0.25
8,21,0 -> 0.75
8,21,1 -> 0.25
8,22,0 -> 0.75
8,22,1 -> 0.25
8,23,0 -> 0.75
8,23,1 -> 0.25
8,24,1 -> 0.75
8,24,0 -> 0.25
8,25,0 -> 0.75
8,25,1 -> 0.25
8,26,0 -> 0.75
8,26,1 -> 0.25
8,27,1 -> 0.75
8,27,0 -> 0.25
8,28,0 -> 0.75
8,28,1 -> 0.25
8,29,1 -> 0.75
8,29,0 -> 0.25
8,30,0 -> 0.75
8,30,1 -> 0.25
8,31,1 -> 0.75
8,31,0 -> 0.25
8,32,0 -> 1.0
8,32,1 -> 0.0
8,33,0 -> 1.0
8,33,1 -> 0.0
8,34,0 -> 1.0
8,34,1 -> 0.0
8,35,0 -> 1.0
8,35,1 -> 0.0
8,36,1 -> 1.0
8,36,0 -> 0.0
8,37,0 -> 1.0
8,37,1 -> 0.0
8,38,0 -> 1.0
8,38,1 -> 0.0
8,39,0 -> 1.0
8,39,1 -> 0.0
8,40,1 -> 1.0
8,40,0 -> 0.0
8,41,0 -> 1.0
8,41,1 -> 0.0
8,42,0 -> 1.0
8,42,1 -> 0.0
8,43,1 -> 1.0
8,43,0 -> 0.0
8,44,0 -> 1.0
8,44,1 -> 0.0
8,45,1 -> 1.0
8,45,0 -> 0.0
8,46,0 -> 1.0
8,46,1 -> 0.0
8,47,1 -> 1.0
8,47,0 -> 0.0
8,48,0 -> 0.606132
8,48,1 -> 0.393868
8,49,0 -> 0.606132
8,49,1 -> 0.393868
8,50,0 -> 0.606132
8,50,1 -> 0.393868
8,51,0 -> 0.606132
8,51,1 -> 0.393868
8,52,1 -> 0.606132
8,52,0 -> 0.393868
8,53,0 -> 0.606132
8,53,1 -> 0.393868
8,54,0 -> 0.606132
8,54,1 -> 0.393868
8,55,0 -> 0.606132
8,55,1 -> 0.393868
8,56,1 -> 0.606132
8,56,0 -> 0.393868
8,57,0 -> 0.606132
8,57,1 -> 0.393868
8,58,0 -> 0.606132
8,58,1 -> 0.393868
8,59,1 -> 0.606132
8,59,0 -> 0.393868
8,60,0 -> 0.606132
8,60,1 -> 0.393868
8,61,1 -> 0.606132
8,61,0 -> 0.393868
8,62,0 -> 0.606132
8,62,1 -> 0.393868
8,63,1 -> 0.606132
8,63,0 -> 0.393868
8,64,0 -> 0.687607
8,64,1 -> 0.312393
8,65,0 -> 0.687607
8,65,1 -> 0.312393
8,66,0 -> 0.687607
8,66,1 -> 0.312393
8,67,0 -> 0.687607
8,67,1 -> 0.312393
8,68,1 -> 0.687607
8,68,0 -> 0.312393
8,69,0 -> 0.687607
8,69,1 -> 0.312393
8,70,0 -> 0.687607
8,70,1 -> 0.312393
8,71,0 -> 0.687607
8,71,1 -> 0.312393
8,72,1 -> 0.687607
8,72,0 -> 0.312393
8,73,0 -> 0.687607
8,73,1 -> 0.312393
8,74,0 -> 0.687607
8,74,1 -> 0.312393
8,75,1 -> 0.687607
8,75,0 -> 0.312393
8,76,0 -> 0.687607
8,76,1 -> 0.312393
8,77,1 -> 0.687607
8,77,0 -> 0.312393
8,78,0 -> 0.687607
8,78,1 -> 0.312393
8,79,1 -> 0.687607
8,79,0 -> 0.312393
8,80,0 -> 0.75
8,80,1 -> 0.25
8,81,0 -> 0.75
8,81,1 -> 0.25
8,82,0 -> 0.75
8,82,1 -> 0.25
8,83,0 -> 0.75
8,83,1 -> 0.25
8,84,1 -> 0.75
8,84,0 -> 0.25
8,85,0 -> 0.75
8,85,1 -> 0.25
8,86,0 -> 0.75
8,86,1 -> 0.25
8,87,0 -> 0.75
8,87,1 -> 0.25
8,88,1 -> 0.75
8,88,0 -> 0.25
8,89,0 -> 0.75
8,89,1 -> 0.25
8,90,0 -> 0.75
8,90,1 -> 0.25
8,91,1 -> 0.75
8,91,0 -> 0.25
8,92,0 -> 0.75
8,92,1 -> 0.25
8,93,1 -> 0.75
8,93,0 -> 0.25
8,94,0 -> 0.75
8,94,1 -> 0.25
8,95,1 -> 0.75
8,95,0 -> 0.25
8,96,0 -> 0.570393
8,96,1 -> 0.429607
8,97,0 -> 0.570393
8,97,1 -> 0.429607
8,98,0 -> 0.570393
8,98,1 -> 0.429607
8,99,0 -> 0.570393
8,99,1 -> 0.429607
8,100,1 -> 0.570393
8,100,0 -> 0.429607
8,101,0 -> 0.570393
8,101,1 -> 0.429607
8,102,0 -> 0.570393
8,102,1 -> 0.429607
8,103,0 -> 0.570393
8,103,1 -> 0.429607
8,104,1 -> 0.570393
8,104,0 -> 0.429607
8,105,0 -> 0.570393
8,105,1 -> 0.429607
8,106,0 -> 0.570393
8,106,1 -> 0.429607
8,107,1 -> 0.570393
8,107,0 -> 0.429607
8,108,0 -> 0.570393
8,108,1 -> 0.429607
8,109,1 -> 0.570393
8,109,0 -> 0.429607
8,110,0 -> 0.570393
8,110,1 -> 0.429607
8,111,1 -> 0.570393
8,111,0 -> 0.429607
8,112,0 -> 0.606132
8,112,1 -> 0.393868
8,113,0 -> 0.606132
8,113,1 -> 0.393868
8,114,0 -> 0.606132
8,114,1 -> 0.393868
8,115,0 -> 0.606132
8,115,1 -> 0.393868
8,116,1 -> 0.606132
8,116,0 -> 0.393868
8,117,0 -> 0.606132
8,117,1 -> 0.393868
8,118,0 -> 0.606132
8,118,1 -> 0.393868
8,119,0 -> 0.606132
8,119,1 -> 0.393868
8,120,1 -> 0.606132
8,120,0 -> 0.393868
8,121,0 -> 0.606132
8,121,1 -> 0.393868
8,122,0 -> 0.606132
8,122,1 -> 0.393868
8,123,1 -> 0.606132
8,123,0 -> 0.393868
8,124,0 -> 0.606132
8,124,1 -> 0.393868
8,125,1 -> 0.606132
8,125,0 -> 0.393868
8,126,0 -> 0.606132
8,126,1 -> 0.393868
8,127,1 -> 0.606132
8,127,0 -> 0.393868
8,128,0 -> 0.625
8,128,1 -> 0.375
8,129,0 -> 0.625
8,129,1 -> 0.375
8,130,0 -> 0.625
8,130,1 -> 0.375
8,131,0 -> 0.625
8,131,1 -> 0.375
8,132,1 -> 0.625
8,132,0 -> 0.375
8,133,0 -> 0.625
8,133,1 -> 0.375
8,134,0 -> 0.625
8,134,1 -> 0.375
8,135,0 -> 0.625
8,135,1 -> 0.375
8,136,1 -> 0.625
8,136,0 -> 0.375
8,137,0 -> 0.625
8,137,1 -> 0.375
8,138,0 -> 0.625
8,138,1 -> 0.375
8,139,1 -> 0.625
8,139,0 -> 0.375
8,140,0 -> 0.625
8,140,1 -> 0.375
8,141,1 -> 0.625
8,141,0 -> 0.375
8,142,0 -> 0.625
8,142,1 -> 0.375
8,143,1 -> 0.625
8,143,0 -> 0.375
9,0,0 -> 0.75
9,0,1 -> 0.25
9,1,0 -> 0.75
9,1,1 -> 0.25
9,2,0 -> 0.75
9,2,1 -> 0.25
9,3,0 -> 0.75
9,3,1 -> 0.25
9,4,0 -> 0.75
9,4,1 -> 0.25
9,5,1 -> 0.75
9,5,0 -> 0.25
9,6,0 -> 0.75
9,6,1 -> 0.25
9,7,0 -> 0.75
9,7,1 -> 0.25
9,8,0 -> 0.75
9,8,1 -> 0.25
9,9,1 -> 0.75
9,9,0 -> 0.25
9,10,0 -> 0.75
9,10,1 -> 0.25
9,11,0 -> 0.75
9,11,1 -> 0.25
9,12,1 -> 0.75
9,12,0 -> 0.25
9,13,0 -> 0.75
9,13,1 -> 0.25
9,14,1 -> 0.75
9,14,0 -> 0.25
9,15,1 -> 0.75
9,15,0 -> 0.25
9,16,0 -> 1.0
9,16,1 -> 0.0
9,17,0 -> 1.0
9,17,1 -> 0.0
9,18,0 -> 1.0
9,18,1 -> 0.0
9,19,0 -> 1.0
9,19,1 -> 0.0
9,20,0 -> 1.0
9,20,1 -> 0.0
9,21,1 -> 1.0
9,21,0 -> 0.0
9,22,0 -> 1.0
9,22,1 -> 0.0
9,23,0 -> 1.0
9,23,1 -> 0.0
9,24,0 -> 1.0
9,24,1 -> 0.0
9,25,1 -> 1.0
9,25,0 -> 0.0
9,26,0 -> 1.0
9,26,1 -> 0.0
9,27,0 -> 1.0
9,27,1 -> 0.0
9,28,1 -> 1.0
9,28,0 -> 0.0
9,29,0 -> 1.0
9,29,1 -> 0.0
9,30,1 -> 1.0
9,30,0 -> 0.0
9,31,1 -> 1.0
9,31,0 -> 0.0
9,32,0 -> 0.75
9,32,1 -> 0.25
9,33,0 -> 0.75
9,33,1 -> 0.25
9,34,0 -> 0.75
9,34,1 -> 0.25
9,35,0 -> 0.75
9,35,1 -> 0.25
9,36,0 -> 0.75
9,36,1 -> 0.25
9,37,1 -> 0.75
9,37,0 -> 0.25
9,38,0 -> 0.75
9,38,1 -> 0.25
9,39,0 -> 0.75
9,39,1 -> 0.25
9,40,0 -> 0.75
9,40,1 -> 0.25
9,41,1 -> 0.75
9,41,0 -> 0.25
9,42,0 -> 0.75
9,42,1 -> 0.25
9,43,0 -> 0.75
9,43,1 -> 0.25
9,44,1 -> 0.75
9,44,0 -> 0.25
9,45,0 -> 0.75
9,45,1 -> 0.25
9,46,1 -> 0.75
9,46,0 -> 0.25
9,47,1 -> 0.75
9,47,0 -> 0.25
9,48,0 -> 0.687607
9,48,1 -> 0.312393
9,49,0 -> 0.687607
9,49,1 -> 0.312393
9,50,0 -> 0.687607
9,50,1 -> 0.312393
9,51,0 -> 0.687607
9,51,1 -> 0.312393
9,52,0 -> 0.687607
9,52,1 -> 0.312393
9,53,1 -> 0.687607
9,53,0 -> 0.312393
9,54,0 -> 0.687607
9,54,1 -> 0.312393
9,55,0 -> 0.687607
9,55,1 -> 0.312393
9,56,0 -> 0.687607
9,56,1 -> 0.312393
9,57,1 -> 0.687607
9,57,0 -> 0.312393
9,58,0 -> 0.687607
9,58,1 -> 0.312393
9,59,0 -> 0.687607
9,59,1 -> 0.312393
9,60,1 -> 0.687607
9,60,0 -> 0.312393
9,61,0 -> 0.687607
9,61,1 -> 0.312393
9,62,1 -> 0.687607
9,62,0 -> 0.312393
9,63,1 -> 0.687607
9,63,0 -> 0.312393
9,64,0 -> 0.75
9,64,1 -> 0.25
9,65,0 -> 0.75
9,65,1 -> 0.25
9,66,0 -> 0.75
9,66,1 -> 0.25
9,67,0 -> 0.75
9,67,1 -> 0.25
9,68,0 -> 0.75
9,68,1 -> 0.25
9,69,1 -> 0.75
9,69,0 -> 0.25
9,70,0 -> 0.75
9,70,1 -> 0.25
9,71,0 -> 0.75
9,71,1 -> 0.25
9,72,0 -> 0.75
9,72,1 -> 0.25
9,73,1 -> 0.75
9,73,0 -> 0.25
9,74,0 -> 0.75
9,74,1 -> 0.25
9,75,0 -> 0.75
9,75,1 -> 0.25
9,76,1 -> 0.75
9,76,0 -> 0.25
9,77,0 -> 0.75
9,77,1 -> 0.25
9,78,1 -> 0.75
9,78,0 -> 0.25
9,79,1 -> 0.75
9,79,0 -> 0.25
9,80,0 -> 0.687607
9,80,1 -> 0.312393
9,81,0 -> 0.687607
9,81,1 -> 0.312393
9,82,0 -> 0.687607
9,82,1 -> 0.312393
9,83,0 -> 0.687607
9,83,1 -> 0.312393
9,84,0 -> 0.687607
9,84,1 -> 0.312393
9,85,1 -> 0.687607
9,85,0 -> 0.312393
9,86,0 -> 0.687607
9,86,1 -> 0.312393
9,87,0 -> 0.687607
9,87,1 -> 0.312393
9,88,0 -> 0.687607
9,88,1 -> 0.312393
9,89,1 -> 0.687607
9,89,0 -> 0.312393
9,90,0 -> 0.687607
9,90,1 -> 0.312393
9,91,0 -> 0.687607
9,91,1 -> 0.312393
9,92,1 -> 0.687607
9,92,0 -> 0.312393
9,93,0 -> 0.687607
9,93,1 -> 0.312393
9,94,1 -> 0.687607
9,94,0 -> 0.312393
9,95,1 -> 0.687607
9,95,0 -> 0.312393
9,96,0 -> 0.606132
9,96,1 -> 0.393868
9,97,0 -> 0.606132
9,97,1 -> 0.393868
9,98,0 -> 0.606132
9,98,1 -> 0.393868
9,99,0 -> 0.606132
9,99,1 -> 0.393868
9,100,0 -> 0.606132
9,100,1 -> 0.393868
9,101,1 -> 0.606132
9,101,0 -> 0.393868
9,102,0 -> 0.606132
9,102,1 -> 0.393868
9,103,0 -> 0.606132
9,103,1 -> 0.393868
9,104,0 -> 0.606132
9,104,1 -> 0.393868
9,105,1 -> 0.606132
9,105,0 -> 0.393868
9,106,0 -> 0.606132
9,106,1 -> 0.393868
9,107,0 -> 0.606132
9,107,1 -> 0.393868
9,108,1 -> 0.606132
9,108,0 -> 0.393868
9,109,0 -> 0.606132
9,109,1 -> 0.393868
9,110,1 -> 0.606132
9,110,0 -> 0.393868
9,111,1 -> 0.606132
9,111,0 -> 0.393868
9,112,0 -> 0.625
9,112,1 -> 0.375
9,113,0 -> 0.625
9,113,1 -> 0.375
9,114,0 -> 0.625
9,114,1 -> 0.375
9,115,0 -> 0.625
9,115,1 -> 0.375
9,116,0 -> 0.625
9,116,1 -> 0.375
9,117,1 -> 0.625
9,117,0 -> 0.375
9,118,0 -> 0.625
9,118,1 -> 0.375
9,119,0 -> 0.625
9,119,1 -> 0.375
9,120,0 -> 0.625
9,120,1 -> 0.375
9,121,1 -> 0.625
9,121,0 -> 0.375
9,122,0 -> 0.625
9,122,1 -> 0.375
9,123,0 -> 0.625
9,123,1 -> 0.375
9,124,1 -> 0.625
9,124,0 -> 0.375
9,125,0 -> 0.625
9,125,1 -> 0.375
9,126,1 -> 0.625
9,126,0 -> 0.375
9,127,1 -> 0.625
9,127,0 -> 0.375
9,128,0 -> 0.606132
9,128,1 -> 0.393868
9,129,0 -> 0.606132
9,129,1 -> 0.393868
9,130,0 -> 0.606132
9,130,1 -> 0.393868
9,131,0 -> 0.606132
9,131,1 -> 0.393868
9,132,0 -> 0.606132
9,132,1 -> 0.393868
9,133,1 -> 0.606132
9,133,0 -> 0.393868
9,134,0 -> 0.606132
9,134,1 -> 0.393868
9,135,0 -> 0.606132
9,135,1 -> 0.393868
9,136,0 -> 0.606132
9,136,1 -> 0.393868
9,137,1 -> 0.606132
9,137,0 -> 0.393868
9,138,0 -> 0.606132
9,138,1 -> 0.393868
9,139,0 -> 0.606132
9,139,1 -> 0.393868
9,140,1 -> 0.606132
9,140,0 -> 0.393868
9,141,0 -> 0.606132
9,141,1 -> 0.393868
9,142,1 -> 0.606132
9,142,0 -> 0.393868
9,143,1 -> 0.606132
9,143,0 -> 0.393868
_,144,2 -> 1

# Reward function (s,a -> r)
16,4 -> -10
17,4 -> -10
18,4 -> -10
19,4 -> -10
20,4 -> -10
21,4 -> 10
22,4 -> -10
23,4 -> -10
24,4 -> -10
25,4 -> 10
26,4 -> -10
27,4 -> -10
28,4 -> 10
29,4 -> -10
30,4 -> 10
31,4 -> 10
32,4 -> -10
33,4 -> -10
34,4 -> -10
35,4 -> -10
36,4 -> 10
37,4 -> -10
38,4 -> -10
39,4 -> -10
40,4 -> 10
41,4 -> -10
42,4 -> -10
43,4 -> 10
44,4 -> -10
45,4 -> 10
46,4 -> -10
47,4 -> 10
32,2 -> 10
33,2 -> 10
34,2 -> 10
35,2 -> 10
36,2 -> 10
37,2 -> 10
38,2 -> 10
39,2 -> 10
40,2 -> 10
41,2 -> 10
42,2 -> 10
43,2 -> 10
44,2 -> 10
45,2 -> 10
46,2 -> 10
47,2 -> 10
48,4 -> -10
49,4 -> 10
50,4 -> -10
51,4 -> -10
52,4 -> -10
53,4 -> -10
54,4 -> 10
55,4 -> 10
56,4 -> 10
57,4 -> 10
58,4 -> -10
59,4 -> -10
60,4 -> -10
61,4 -> -10
62,4 -> -10
63,4 -> -10
80,4 -> -10
81,4 -> -10
82,4 -> 10
83,4 -> -10
84,4 -> -10
85,4 -> -10
86,4 -> 10
87,4 -> -10
88,4 -> -10
89,4 -> -10
90,4 -> 10
91,4 -> 10
92,4 -> 10
93,4 -> -10
94,4 -> -10
95,4 -> -10
80,2 -> 10
81,2 -> 10
82,2 -> 10
83,2 -> 10
84,2 -> 10
85,2 -> 10
86,2 -> 10
87,2 -> 10
88,2 -> 10
89,2 -> 10
90,2 -> 10
91,2 -> 10
92,2 -> 10
93,2 -> 10
94,2 -> 10
95,2 -> 10
96,4 -> -10
97,4 -> -10
98,4 -> -10
99,4 -> 10
100,4 -> -10
101,4 -> -10
102,4 -> -10
103,4 -> 10
104,4 -> -10
105,4 -> -10
106,4 -> 10
107,4 -> -10
108,4 -> -10
109,4 -> 10
110,4 -> 10
111,4 -> -10
128,2 -> 10
129,2 -> 10
130,2 -> 10
131,2 -> 10
132,2 -> 10
133,2 -> 10
134,2 -> 10
135,2 -> 10
136,2 -> 10
137,2 -> 10
138,2 -> 10
139,2 -> 10
140,2 -> 10
141,2 -> 10
142,2 -> 10
143,2 -> 10

# Initial tuples (n,s)
0,6
0,7
0,8
0,9
0,10
0,11
0,12
0,13
0,14
0,15