235, [s0.0_00000, s0.0_10000, s0.0_01000, s0.0_00100, s0.0_00010, s0.0_00001, s0.0_11000, s0.0_10100, s0.0_10010, s0.0_10001, s0.0_01100, s0.0_01010, s0.0_01001, s0.0_00110, s0.0_00101, s0.0_00011, s0.0_11100, s0.0_11010, s0.0_11001, s0.0_10110, s0.0_10101, s0.0_10011, s0.0_01110, s0.0_01101, s0.0_01011, s0.0_00111, s0.1_00000, s0.1_10000, s0.1_01000, s0.1_00100, s0.1_00010, s0.1_00001, s0.1_11000, s0.1_10100, s0.1_10010, s0.1_10001, s0.1_01100, s0.1_01010, s0.1_01001, s0.1_00110, s0.1_00101, s0.1_00011, s0.1_11100, s0.1_11010, s0.1_11001, s0.1_10110, s0.1_10101, s0.1_10011, s0.1_01110, s0.1_01101, s0.1_01011, s0.1_00111, s0.2_00000, s0.2_10000, s0.2_01000, s0.2_00100, s0.2_00010, s0.2_00001, s0.2_11000, s0.2_10100, s0.2_10010, s0.2_10001, s0.2_01100, s0.2_01010, s0.2_01001, s0.2_00110, s0.2_00101, s0.2_00011, s0.2_11100, s0.2_11010, s0.2_11001, s0.2_10110, s0.2_10101, s0.2_10011, s0.2_01110, s0.2_01101, s0.2_01011, s0.2_00111, s1.0_00000, s1.0_10000, s1.0_01000, s1.0_00100, s1.0_00010, s1.0_00001, s1.0_11000, s1.0_10100, s1.0_10010, s1.0_10001, s1.0_01100, s1.0_01010, s1.0_01001, s1.0_00110, s1.0_00101, s1.0_00011, s1.0_11100, s1.0_11010, s1.0_11001, s1.0_10110, s1.0_10101, s1.0_10011, s1.0_01110, s1.0_01101, s1.0_01011, s1.0_00111, s1.1_00000, s1.1_10000, s1.1_01000, s1.1_00100, s1.1_00010, s1.1_00001, s1.1_11000, s1.1_10100, s1.1_10010, s1.1_10001, s1.1_01100, s1.1_01010, s1.1_01001, s1.1_00110, s1.1_00101, s1.1_00011, s1.1_11100, s1.1_11010, s1.1_11001, s1.1_10110, s1.1_10101, s1.1_10011, s1.1_01110, s1.1_01101, s1.1_01011, s1.1_00111, s1.2_00000, s1.2_10000, s1.2_01000, s1.2_00100, s1.2_00010, s1.2_00001, s1.2_11000, s1.2_10100, s1.2_10010, s1.2_10001, s1.2_01100, s1.2_01010, s1.2_01001, s1.2_00110, s1.2_00101, s1.2_00011, s1.2_11100, s1.2_11010, s1.2_11001, s1.2_10110, s1.2_10101, s1.2_10011, s1.2_01110, s1.2_01101, s1.2_01011, s1.2_00111, s2.0_00000, s2.0_10000, s2.0_01000, s2.0_00100, s2.0_00010, s2.0_00001, s2.0_11000, s2.0_10100, s2.0_10010, s2.0_10001, s2.0_01100, s2.0_01010, s2.0_01001, s2.0_00110, s2.0_00101, s2.0_00011, s2.0_11100, s2.0_11010, s2.0_11001, s2.0_10110, s2.0_10101, s2.0_10011, s2.0_01110, s2.0_01101, s2.0_01011, s2.0_00111, s2.1_00000, s2.1_10000, s2.1_01000, s2.1_00100, s2.1_00010, s2.1_00001, s2.1_11000, s2.1_10100, s2.1_10010, s2.1_10001, s2.1_01100, s2.1_01010, s2.1_01001, s2.1_00110, s2.1_00101, s2.1_00011, s2.1_11100, s2.1_11010, s2.1_11001, s2.1_10110, s2.1_10101, s2.1_10011, s2.1_01110, s2.1_01101, s2.1_01011, s2.1_00111, s2.2_00000, s2.2_10000, s2.2_01000, s2.2_00100, s2.2_00010, s2.2_00001, s2.2_11000, s2.2_10100, s2.2_10010, s2.2_10001, s2.2_01100, s2.2_01010, s2.2_01001, s2.2_00110, s2.2_00101, s2.2_00011, s2.2_11100, s2.2_11010, s2.2_11001, s2.2_10110, s2.2_10101, s2.2_10011, s2.2_01110, s2.2_01101, s2.2_01011, s2.2_00111, exit]
1, [e1]
10, [North, South, East, West, Sample, Check0, Check1, Check2, Check3, Check4]
3, [Bad, Good, Nothing]

0, []

# Transition function (s,a,s -> p)
0,0,78 -> 1
0,1,0 -> 1
0,2,26 -> 1
0,3,0 -> 1
1,0,79 -> 1
1,1,1 -> 1
1,2,27 -> 1
1,3,1 -> 1
2,0,80 -> 1
2,1,2 -> 1
2,2,28 -> 1
2,3,2 -> 1
3,0,81 -> 1
3,1,3 -> 1
3,2,29 -> 1
3,3,3 -> 1
4,0,82 -> 1
4,1,4 -> 1
4,2,30 -> 1
4,3,4 -> 1
5,0,83 -> 1
5,1,5 -> 1
5,2,31 -> 1
5,3,5 -> 1
6,0,84 -> 1
6,1,6 -> 1
6,2,32 -> 1
6,3,6 -> 1
7,0,85 -> 1
7,1,7 -> 1
7,2,33 -> 1
7,3,7 -> 1
8,0,86 -> 1
8,1,8 -> 1
8,2,34 -> 1
8,3,8 -> 1
9,0,87 -> 1
9,1,9 -> 1
9,2,35 -> 1
9,3,9 -> 1
10,0,88 -> 1
10,1,10 -> 1
10,2,36 -> 1
10,3,10 -> 1
11,0,89 -> 1
11,1,11 -> 1
11,2,37 -> 1
11,3,11 -> 1
12,0,90 -> 1
12,1,12 -> 1
12,2,38 -> 1
12,3,12 -> 1
13,0,91 -> 1
13,1,13 -> 1
13,2,39 -> 1
13,3,13 -> 1
14,0,92 -> 1
14,1,14 -> 1
14,2,40 -> 1
14,3,14 -> 1
15,0,93 -> 1
15,1,15 -> 1
15,2,41 -> 1
15,3,15 -> 1
16,0,94 -> 1
16,1,16 -> 1
16,2,42 -> 1
16,3,16 -> 1
17,0,95 -> 1
17,1,17 -> 1
17,2,43 -> 1
17,3,17 -> 1
18,0,96 -> 1
18,1,18 -> 1
18,2,44 -> 1
18,3,18 -> 1
19,0,97 -> 1
19,1,19 -> 1
19,2,45 -> 1
19,3,19 -> 1
20,0,98 -> 1
20,1,20 -> 1
20,2,46 -> 1
20,3,20 -> 1
21,0,99 -> 1
21,1,21 -> 1
21,2,47 -> 1
21,3,21 -> 1
22,0,100 -> 1
22,1,22 -> 1
22,2,48 -> 1
22,3,22 -> 1
23,0,101 -> 1
23,1,23 -> 1
23,2,49 -> 1
23,3,23 -> 1
24,0,102 -> 1
24,1,24 -> 1
24,2,50 -> 1
24,3,24 -> 1
25,0,103 -> 1
25,1,25 -> 1
25,2,51 -> 1
25,3,25 -> 1
0,4,0 -> 1
1,4,1 -> 1
2,4,2 -> 1
3,4,3 -> 1
4,4,4 -> 1
5,4,5 -> 1
6,4,6 -> 1
7,4,7 -> 1
8,4,8 -> 1
9,4,9 -> 1
10,4,10 -> 1
11,4,11 -> 1
12,4,12 -> 1
13,4,13 -> 1
14,4,14 -> 1
15,4,15 -> 1
16,4,16 -> 1
17,4,17 -> 1
18,4,18 -> 1
19,4,19 -> 1
20,4,20 -> 1
21,4,21 -> 1
22,4,22 -> 1
23,4,23 -> 1
24,4,24 -> 1
25,4,25 -> 1
0,5,0 -> 1
1,5,1 -> 1
2,5,2 -> 1
3,5,3 -> 1
4,5,4 -> 1
5,5,5 -> 1
6,5,6 -> 1
7,5,7 -> 1
8,5,8 -> 1
9,5,9 -> 1
10,5,10 -> 1
11,5,11 -> 1
12,5,12 -> 1
13,5,13 -> 1
14,5,14 -> 1
15,5,15 -> 1
16,5,16 -> 1
17,5,17 -> 1
18,5,18 -> 1
19,5,19 -> 1
20,5,20 -> 1
21,5,21 -> 1
22,5,22 -> 1
23,5,23 -> 1
24,5,24 -> 1
25,5,25 -> 1
0,6,0 -> 1
1,6,1 -> 1
2,6,2 -> 1
3,6,3 -> 1
4,6,4 -> 1
5,6,5 -> 1
6,6,6 -> 1
7,6,7 -> 1
8,6,8 -> 1
9,6,9 -> 1
10,6,10 -> 1
11,6,11 -> 1
12,6,12 -> 1
13,6,13 -> 1
14,6,14 -> 1
15,6,15 -> 1
16,6,16 -> 1
17,6,17 -> 1
18,6,18 -> 1
19,6,19 -> 1
20,6,20 -> 1
21,6,21 -> 1
22,6,22 -> 1
23,6,23 -> 1
24,6,24 -> 1
25,6,25 -> 1
0,7,0 -> 1
1,7,1 -> 1
2,7,2 -> 1
3,7,3 -> 1
4,7,4 -> 1
5,7,5 -> 1
6,7,6 -> 1
7,7,7 -> 1
8,7,8 -> 1
9,7,9 -> 1
10,7,10 -> 1
11,7,11 -> 1
12,7,12 -> 1
13,7,13 -> 1
14,7,14 -> 1
15,7,15 -> 1
16,7,16 -> 1
17,7,17 -> 1
18,7,18 -> 1
19,7,19 -> 1
20,7,20 -> 1
21,7,21 -> 1
22,7,22 -> 1
23,7,23 -> 1
24,7,24 -> 1
25,7,25 -> 1
0,8,0 -> 1
1,8,1 -> 1
2,8,2 -> 1
3,8,3 -> 1
4,8,4 -> 1
5,8,5 -> 1
6,8,6 -> 1
7,8,7 -> 1
8,8,8 -> 1
9,8,9 -> 1
10,8,10 -> 1
11,8,11 -> 1
12,8,12 -> 1
13,8,13 -> 1
14,8,14 -> 1
15,8,15 -> 1
16,8,16 -> 1
17,8,17 -> 1
18,8,18 -> 1
19,8,19 -> 1
20,8,20 -> 1
21,8,21 -> 1
22,8,22 -> 1
23,8,23 -> 1
24,8,24 -> 1
25,8,25 -> 1
0,9,0 -> 1
1,9,1 -> 1
2,9,2 -> 1
3,9,3 -> 1
4,9,4 -> 1
5,9,5 -> 1
6,9,6 -> 1
7,9,7 -> 1
8,9,8 -> 1
9,9,9 -> 1
10,9,10 -> 1
11,9,11 -> 1
12,9,12 -> 1
13,9,13 -> 1
14,9,14 -> 1
15,9,15 -> 1
16,9,16 -> 1
17,9,17 -> 1
18,9,18 -> 1
19,9,19 -> 1
20,9,20 -> 1
21,9,21 -> 1
22,9,22 -> 1
23,9,23 -> 1
24,9,24 -> 1
25,9,25 -> 1
26,0,104 -> 1
26,1,26 -> 1
26,2,52 -> 1
26,3,0 -> 1
27,0,105 -> 1
27,1,27 -> 1
27,2,53 -> 1
27,3,1 -> 1
28,0,106 -> 1
28,1,28 -> 1
28,2,54 -> 1
28,3,2 -> 1
29,0,107 -> 1
29,1,29 -> 1
29,2,55 -> 1
29,3,3 -> 1
30,0,108 -> 1
30,1,30 -> 1
30,2,56 -> 1
30,3,4 -> 1
31,0,109 -> 1
31,1,31 -> 1
31,2,57 -> 1
31,3,5 -> 1
32,0,110 -> 1
32,1,32 -> 1
32,2,58 -> 1
32,3,6 -> 1
33,0,111 -> 1
33,1,33 -> 1
33,2,59 -> 1
33,3,7 -> 1
34,0,112 -> 1
34,1,34 -> 1
34,2,60 -> 1
34,3,8 -> 1
35,0,113 -> 1
35,1,35 -> 1
35,2,61 -> 1
35,3,9 -> 1
36,0,114 -> 1
36,1,36 -> 1
36,2,62 -> 1
36,3,10 -> 1
37,0,115 -> 1
37,1,37 -> 1
37,2,63 -> 1
37,3,11 -> 1
38,0,116 -> 1
38,1,38 -> 1
38,2,64 -> 1
38,3,12 -> 1
39,0,117 -> 1
39,1,39 -> 1
39,2,65 -> 1
39,3,13 -> 1
40,0,118 -> 1
40,1,40 -> 1
40,2,66 -> 1
40,3,14 -> 1
41,0,119 -> 1
41,1,41 -> 1
41,2,67 -> 1
41,3,15 -> 1
42,0,120 -> 1
42,1,42 -> 1
42,2,68 -> 1
42,3,16 -> 1
43,0,121 -> 1
43,1,43 -> 1
43,2,69 -> 1
43,3,17 -> 1
44,0,122 -> 1
44,1,44 -> 1
44,2,70 -> 1
44,3,18 -> 1
45,0,123 -> 1
45,1,45 -> 1
45,2,71 -> 1
45,3,19 -> 1
46,0,124 -> 1
46,1,46 -> 1
46,2,72 -> 1
46,3,20 -> 1
47,0,125 -> 1
47,1,47 -> 1
47,2,73 -> 1
47,3,21 -> 1
48,0,126 -> 1
48,1,48 -> 1
48,2,74 -> 1
48,3,22 -> 1
49,0,127 -> 1
49,1,49 -> 1
49,2,75 -> 1
49,3,23 -> 1
50,0,128 -> 1
50,1,50 -> 1
50,2,76 -> 1
50,3,24 -> 1
51,0,129 -> 1
51,1,51 -> 1
51,2,77 -> 1
51,3,25 -> 1
26,4,26 -> 1
27,4,26 -> 1
28,4,28 -> 1
29,4,29 -> 1
30,4,30 -> 1
31,4,31 -> 1
32,4,28 -> 1
33,4,29 -> 1
34,4,30 -> 1
35,4,31 -> 1
36,4,36 -> 1
37,4,37 -> 1
38,4,38 -> 1
39,4,39 -> 1
40,4,40 -> 1
41,4,41 -> 1
42,4,36 -> 1
43,4,37 -> 1
44,4,38 -> 1
45,4,39 -> 1
46,4,40 -> 1
47,4,41 -> 1
48,4,48 -> 1
49,4,49 -> 1
50,4,50 -> 1
51,4,51 -> 1
26,5,26 -> 1
27,5,27 -> 1
28,5,28 -> 1
29,5,29 -> 1
30,5,30 -> 1
31,5,31 -> 1
32,5,32 -> 1
33,5,33 -> 1
34,5,34 -> 1
35,5,35 -> 1
36,5,36 -> 1
37,5,37 -> 1
38,5,38 -> 1
39,5,39 -> 1
40,5,40 -> 1
41,5,41 -> 1
42,5,42 -> 1
43,5,43 -> 1
44,5,44 -> 1
45,5,45 -> 1
46,5,46 -> 1
47,5,47 -> 1
48,5,48 -> 1
49,5,49 -> 1
50,5,50 -> 1
51,5,51 -> 1
26,6,26 -> 1
27,6,27 -> 1
28,6,28 -> 1
29,6,29 -> 1
30,6,30 -> 1
31,6,31 -> 1
32,6,32 -> 1
33,6,33 -> 1
34,6,34 -> 1
35,6,35 -> 1
36,6,36 -> 1
37,6,37 -> 1
38,6,38 -> 1
39,6,39 -> 1
40,6,40 -> 1
41,6,41 -> 1
42,6,42 -> 1
43,6,43 -> 1
44,6,44 -> 1
45,6,45 -> 1
46,6,46 -> 1
47,6,47 -> 1
48,6,48 -> 1
49,6,49 -> 1
50,6,50 -> 1
51,6,51 -> 1
26,7,26 -> 1
27,7,27 -> 1
28,7,28 -> 1
29,7,29 -> 1
30,7,30 -> 1
31,7,31 -> 1
32,7,32 -> 1
33,7,33 -> 1
34,7,34 -> 1
35,7,35 -> 1
36,7,36 -> 1
37,7,37 -> 1
38,7,38 -> 1
39,7,39 -> 1
40,7,40 -> 1
41,7,41 -> 1
42,7,42 -> 1
43,7,43 -> 1
44,7,44 -> 1
45,7,45 -> 1
46,7,46 -> 1
47,7,47 -> 1
48,7,48 -> 1
49,7,49 -> 1
50,7,50 -> 1
51,7,51 -> 1
26,8,26 -> 1
27,8,27 -> 1
28,8,28 -> 1
29,8,29 -> 1
30,8,30 -> 1
31,8,31 -> 1
32,8,32 -> 1
33,8,33 -> 1
34,8,34 -> 1
35,8,35 -> 1
36,8,36 -> 1
37,8,37 -> 1
38,8,38 -> 1
39,8,39 -> 1
40,8,40 -> 1
41,8,41 -> 1
42,8,42 -> 1
43,8,43 -> 1
44,8,44 -> 1
45,8,45 -> 1
46,8,46 -> 1
47,8,47 -> 1
48,8,48 -> 1
49,8,49 -> 1
50,8,50 -> 1
51,8,51 -> 1
26,9,26 -> 1
27,9,27 -> 1
28,9,28 -> 1
29,9,29 -> 1
30,9,30 -> 1
31,9,31 -> 1
32,9,32 -> 1
33,9,33 -> 1
34,9,34 -> 1
35,9,35 -> 1
36,9,36 -> 1
37,9,37 -> 1
38,9,38 -> 1
39,9,39 -> 1
40,9,40 -> 1
41,9,41 -> 1
42,9,42 -> 1
43,9,43 -> 1
44,9,44 -> 1
45,9,45 -> 1
46,9,46 -> 1
47,9,47 -> 1
48,9,48 -> 1
49,9,49 -> 1
50,9,50 -> 1
51,9,51 -> 1
52,0,130 -> 1
52,1,52 -> 1
52,2,234 -> 1
52,3,26 -> 1
53,0,131 -> 1
53,1,53 -> 1
53,2,234 -> 1
53,3,27 -> 1
54,0,132 -> 1
54,1,54 -> 1
54,2,234 -> 1
54,3,28 -> 1
55,0,133 -> 1
55,1,55 -> 1
55,2,234 -> 1
55,3,29 -> 1
56,0,134 -> 1
56,1,56 -> 1
56,2,234 -> 1
56,3,30 -> 1
57,0,135 -> 1
57,1,57 -> 1
57,2,234 -> 1
57,3,31 -> 1
58,0,136 -> 1
58,1,58 -> 1
58,2,234 -> 1
58,3,32 -> 1
59,0,137 -> 1
59,1,59 -> 1
59,2,234 -> 1
59,3,33 -> 1
60,0,138 -> 1
60,1,60 -> 1
60,2,234 -> 1
60,3,34 -> 1
61,0,139 -> 1
61,1,61 -> 1
61,2,234 -> 1
61,3,35 -> 1
62,0,140 -> 1
62,1,62 -> 1
62,2,234 -> 1
62,3,36 -> 1
63,0,141 -> 1
63,1,63 -> 1
63,2,234 -> 1
63,3,37 -> 1
64,0,142 -> 1
64,1,64 -> 1
64,2,234 -> 1
64,3,38 -> 1
65,0,143 -> 1
65,1,65 -> 1
65,2,234 -> 1
65,3,39 -> 1
66,0,144 -> 1
66,1,66 -> 1
66,2,234 -> 1
66,3,40 -> 1
67,0,145 -> 1
67,1,67 -> 1
67,2,234 -> 1
67,3,41 -> 1
68,0,146 -> 1
68,1,68 -> 1
68,2,234 -> 1
68,3,42 -> 1
69,0,147 -> 1
69,1,69 -> 1
69,2,234 -> 1
69,3,43 -> 1
70,0,148 -> 1
70,1,70 -> 1
70,2,234 -> 1
70,3,44 -> 1
71,0,149 -> 1
71,1,71 -> 1
71,2,234 -> 1
71,3,45 -> 1
72,0,150 -> 1
72,1,72 -> 1
72,2,234 -> 1
72,3,46 -> 1
73,0,151 -> 1
73,1,73 -> 1
73,2,234 -> 1
73,3,47 -> 1
74,0,152 -> 1
74,1,74 -> 1
74,2,234 -> 1
74,3,48 -> 1
75,0,153 -> 1
75,1,75 -> 1
75,2,234 -> 1
75,3,49 -> 1
76,0,154 -> 1
76,1,76 -> 1
76,2,234 -> 1
76,3,50 -> 1
77,0,155 -> 1
77,1,77 -> 1
77,2,234 -> 1
77,3,51 -> 1
52,4,52 -> 1
53,4,53 -> 1
54,4,54 -> 1
55,4,52 -> 1
56,4,56 -> 1
57,4,57 -> 1
58,4,58 -> 1
59,4,53 -> 1
60,4,60 -> 1
61,4,61 -> 1
62,4,54 -> 1
63,4,63 -> 1
64,4,64 -> 1
65,4,56 -> 1
66,4,57 -> 1
67,4,67 -> 1
68,4,58 -> 1
69,4,69 -> 1
70,4,70 -> 1
71,4,60 -> 1
72,4,61 -> 1
73,4,73 -> 1
74,4,63 -> 1
75,4,64 -> 1
76,4,76 -> 1
77,4,67 -> 1
52,5,52 -> 1
53,5,53 -> 1
54,5,54 -> 1
55,5,55 -> 1
56,5,56 -> 1
57,5,57 -> 1
58,5,58 -> 1
59,5,59 -> 1
60,5,60 -> 1
61,5,61 -> 1
62,5,62 -> 1
63,5,63 -> 1
64,5,64 -> 1
65,5,65 -> 1
66,5,66 -> 1
67,5,67 -> 1
68,5,68 -> 1
69,5,69 -> 1
70,5,70 -> 1
71,5,71 -> 1
72,5,72 -> 1
73,5,73 -> 1
74,5,74 -> 1
75,5,75 -> 1
76,5,76 -> 1
77,5,77 -> 1
52,6,52 -> 1
53,6,53 -> 1
54,6,54 -> 1
55,6,55 -> 1
56,6,56 -> 1
57,6,57 -> 1
58,6,58 -> 1
59,6,59 -> 1
60,6,60 -> 1
61,6,61 -> 1
62,6,62 -> 1
63,6,63 -> 1
64,6,64 -> 1
65,6,65 -> 1
66,6,66 -> 1
67,6,67 -> 1
68,6,68 -> 1
69,6,69 -> 1
70,6,70 -> 1
71,6,71 -> 1
72,6,72 -> 1
73,6,73 -> 1
74,6,74 -> 1
75,6,75 -> 1
76,6,76 -> 1
77,6,77 -> 1
52,7,52 -> 1
53,7,53 -> 1
54,7,54 -> 1
55,7,55 -> 1
56,7,56 -> 1
57,7,57 -> 1
58,7,58 -> 1
59,7,59 -> 1
60,7,60 -> 1
61,7,61 -> 1
62,7,62 -> 1
63,7,63 -> 1
64,7,64 -> 1
65,7,65 -> 1
66,7,66 -> 1
67,7,67 -> 1
68,7,68 -> 1
69,7,69 -> 1
70,7,70 -> 1
71,7,71 -> 1
72,7,72 -> 1
73,7,73 -> 1
74,7,74 -> 1
75,7,75 -> 1
76,7,76 -> 1
77,7,77 -> 1
52,8,52 -> 1
53,8,53 -> 1
54,8,54 -> 1
55,8,55 -> 1
56,8,56 -> 1
57,8,57 -> 1
58,8,58 -> 1
59,8,59 -> 1
60,8,60 -> 1
61,8,61 -> 1
62,8,62 -> 1
63,8,63 -> 1
64,8,64 -> 1
65,8,65 -> 1
66,8,66 -> 1
67,8,67 -> 1
68,8,68 -> 1
69,8,69 -> 1
70,8,70 -> 1
71,8,71 -> 1
72,8,72 -> 1
73,8,73 -> 1
74,8,74 -> 1
75,8,75 -> 1
76,8,76 -> 1
77,8,77 -> 1
52,9,52 -> 1
53,9,53 -> 1
54,9,54 -> 1
55,9,55 -> 1
56,9,56 -> 1
57,9,57 -> 1
58,9,58 -> 1
59,9,59 -> 1
60,9,60 -> 1
61,9,61 -> 1
62,9,62 -> 1
63,9,63 -> 1
64,9,64 -> 1
65,9,65 -> 1
66,9,66 -> 1
67,9,67 -> 1
68,9,68 -> 1
69,9,69 -> 1
70,9,70 -> 1
71,9,71 -> 1
72,9,72 -> 1
73,9,73 -> 1
74,9,74 -> 1
75,9,75 -> 1
76,9,76 -> 1
77,9,77 -> 1
78,0,156 -> 1
78,1,0 -> 1
78,2,104 -> 1
78,3,78 -> 1
79,0,157 -> 1
79,1,1 -> 1
79,2,105 -> 1
79,3,79 -> 1
80,0,158 -> 1
80,1,2 -> 1
80,2,106 -> 1
80,3,80 -> 1
81,0,159 -> 1
81,1,3 -> 1
81,2,107 -> 1
81,3,81 -> 1
82,0,160 -> 1
82,1,4 -> 1
82,2,108 -> 1
82,3,82 -> 1
83,0,161 -> 1
83,1,5 -> 1
83,2,109 -> 1
83,3,83 -> 1
84,0,162 -> 1
84,1,6 -> 1
84,2,110 -> 1
84,3,84 -> 1
85,0,163 -> 1
85,1,7 -> 1
85,2,111 -> 1
85,3,85 -> 1
86,0,164 -> 1
86,1,8 -> 1
86,2,112 -> 1
86,3,86 -> 1
87,0,165 -> 1
87,1,9 -> 1
87,2,113 -> 1
87,3,87 -> 1
88,0,166 -> 1
88,1,10 -> 1
88,2,114 -> 1
88,3,88 -> 1
89,0,167 -> 1
89,1,11 -> 1
89,2,115 -> 1
89,3,89 -> 1
90,0,168 -> 1
90,1,12 -> 1
90,2,116 -> 1
90,3,90 -> 1
91,0,169 -> 1
91,1,13 -> 1
91,2,117 -> 1
91,3,91 -> 1
92,0,170 -> 1
92,1,14 -> 1
92,2,118 -> 1
92,3,92 -> 1
93,0,171 -> 1
93,1,15 -> 1
93,2,119 -> 1
93,3,93 -> 1
94,0,172 -> 1
94,1,16 -> 1
94,2,120 -> 1
94,3,94 -> 1
95,0,173 -> 1
95,1,17 -> 1
95,2,121 -> 1
95,3,95 -> 1
96,0,174 -> 1
96,1,18 -> 1
96,2,122 -> 1
96,3,96 -> 1
97,0,175 -> 1
97,1,19 -> 1
97,2,123 -> 1
97,3,97 -> 1
98,0,176 -> 1
98,1,20 -> 1
98,2,124 -> 1
98,3,98 -> 1
99,0,177 -> 1
99,1,21 -> 1
99,2,125 -> 1
99,3,99 -> 1
100,0,178 -> 1
100,1,22 -> 1
100,2,126 -> 1
100,3,100 -> 1
101,0,179 -> 1
101,1,23 -> 1
101,2,127 -> 1
101,3,101 -> 1
102,0,180 -> 1
102,1,24 -> 1
102,2,128 -> 1
102,3,102 -> 1
103,0,181 -> 1
103,1,25 -> 1
103,2,129 -> 1
103,3,103 -> 1
78,4,78 -> 1
79,4,79 -> 1
80,4,78 -> 1
81,4,81 -> 1
82,4,82 -> 1
83,4,83 -> 1
84,4,79 -> 1
85,4,85 -> 1
86,4,86 -> 1
87,4,87 -> 1
88,4,81 -> 1
89,4,82 -> 1
90,4,83 -> 1
91,4,91 -> 1
92,4,92 -> 1
93,4,93 -> 1
94,4,85 -> 1
95,4,86 -> 1
96,4,87 -> 1
97,4,97 -> 1
98,4,98 -> 1
99,4,99 -> 1
100,4,91 -> 1
101,4,92 -> 1
102,4,93 -> 1
103,4,103 -> 1
78,5,78 -> 1
79,5,79 -> 1
80,5,80 -> 1
81,5,81 -> 1
82,5,82 -> 1
83,5,83 -> 1
84,5,84 -> 1
85,5,85 -> 1
86,5,86 -> 1
87,5,87 -> 1
88,5,88 -> 1
89,5,89 -> 1
90,5,90 -> 1
91,5,91 -> 1
92,5,92 -> 1
93,5,93 -> 1
94,5,94 -> 1
95,5,95 -> 1
96,5,96 -> 1
97,5,97 -> 1
98,5,98 -> 1
99,5,99 -> 1
100,5,100 -> 1
101,5,101 -> 1
102,5,102 -> 1
103,5,103 -> 1
78,6,78 -> 1
79,6,79 -> 1
80,6,80 -> 1
81,6,81 -> 1
82,6,82 -> 1
83,6,83 -> 1
84,6,84 -> 1
85,6,85 -> 1
86,6,86 -> 1
87,6,87 -> 1
88,6,88 -> 1
89,6,89 -> 1
90,6,90 -> 1
91,6,91 -> 1
92,6,92 -> 1
93,6,93 -> 1
94,6,94 -> 1
95,6,95 -> 1
96,6,96 -> 1
97,6,97 -> 1
98,6,98 -> 1
99,6,99 -> 1
100,6,100 -> 1
101,6,101 -> 1
102,6,102 -> 1
103,6,103 -> 1
78,7,78 -> 1
79,7,79 -> 1
80,7,80 -> 1
81,7,81 -> 1
82,7,82 -> 1
83,7,83 -> 1
84,7,84 -> 1
85,7,85 -> 1
86,7,86 -> 1
87,7,87 -> 1
88,7,88 -> 1
89,7,89 -> 1
90,7,90 -> 1
91,7,91 -> 1
92,7,92 -> 1
93,7,93 -> 1
94,7,94 -> 1
95,7,95 -> 1
96,7,96 -> 1
97,7,97 -> 1
98,7,98 -> 1
99,7,99 -> 1
100,7,100 -> 1
101,7,101 -> 1
102,7,102 -> 1
103,7,103 -> 1
78,8,78 -> 1
79,8,79 -> 1
80,8,80 -> 1
81,8,81 -> 1
82,8,82 -> 1
83,8,83 -> 1
84,8,84 -> 1
85,8,85 -> 1
86,8,86 -> 1
87,8,87 -> 1
88,8,88 -> 1
89,8,89 -> 1
90,8,90 -> 1
91,8,91 -> 1
92,8,92 -> 1
93,8,93 -> 1
94,8,94 -> 1
95,8,95 -> 1
96,8,96 -> 1
97,8,97 -> 1
98,8,98 -> 1
99,8,99 -> 1
100,8,100 -> 1
101,8,101 -> 1
102,8,102 -> 1
103,8,103 -> 1
78,9,78 -> 1
79,9,79 -> 1
80,9,80 -> 1
81,9,81 -> 1
82,9,82 -> 1
83,9,83 -> 1
84,9,84 -> 1
85,9,85 -> 1
86,9,86 -> 1
87,9,87 -> 1
88,9,88 -> 1
89,9,89 -> 1
90,9,90 -> 1
91,9,91 -> 1
92,9,92 -> 1
93,9,93 -> 1
94,9,94 -> 1
95,9,95 -> 1
96,9,96 -> 1
97,9,97 -> 1
98,9,98 -> 1
99,9,99 -> 1
100,9,100 -> 1
101,9,101 -> 1
102,9,102 -> 1
103,9,103 -> 1
104,0,182 -> 1
104,1,26 -> 1
104,2,130 -> 1
104,3,78 -> 1
105,0,183 -> 1
105,1,27 -> 1
105,2,131 -> 1
105,3,79 -> 1
106,0,184 -> 1
106,1,28 -> 1
106,2,132 -> 1
106,3,80 -> 1
107,0,185 -> 1
107,1,29 -> 1
107,2,133 -> 1
107,3,81 -> 1
108,0,186 -> 1
108,1,30 -> 1
108,2,134 -> 1
108,3,82 -> 1
109,0,187 -> 1
109,1,31 -> 1
109,2,135 -> 1
109,3,83 -> 1
110,0,188 -> 1
110,1,32 -> 1
110,2,136 -> 1
110,3,84 -> 1
111,0,189 -> 1
111,1,33 -> 1
111,2,137 -> 1
111,3,85 -> 1
112,0,190 -> 1
112,1,34 -> 1
112,2,138 -> 1
112,3,86 -> 1
113,0,191 -> 1
113,1,35 -> 1
113,2,139 -> 1
113,3,87 -> 1
114,0,192 -> 1
114,1,36 -> 1
114,2,140 -> 1
114,3,88 -> 1
115,0,193 -> 1
115,1,37 -> 1
115,2,141 -> 1
115,3,89 -> 1
116,0,194 -> 1
116,1,38 -> 1
116,2,142 -> 1
116,3,90 -> 1
117,0,195 -> 1
117,1,39 -> 1
117,2,143 -> 1
117,3,91 -> 1
118,0,196 -> 1
118,1,40 -> 1
118,2,144 -> 1
118,3,92 -> 1
119,0,197 -> 1
119,1,41 -> 1
119,2,145 -> 1
119,3,93 -> 1
120,0,198 -> 1
120,1,42 -> 1
120,2,146 -> 1
120,3,94 -> 1
121,0,199 -> 1
121,1,43 -> 1
121,2,147 -> 1
121,3,95 -> 1
122,0,200 -> 1
122,1,44 -> 1
122,2,148 -> 1
122,3,96 -> 1
123,0,201 -> 1
123,1,45 -> 1
123,2,149 -> 1
123,3,97 -> 1
124,0,202 -> 1
124,1,46 -> 1
124,2,150 -> 1
124,3,98 -> 1
125,0,203 -> 1
125,1,47 -> 1
125,2,151 -> 1
125,3,99 -> 1
126,0,204 -> 1
126,1,48 -> 1
126,2,152 -> 1
126,3,100 -> 1
127,0,205 -> 1
127,1,49 -> 1
127,2,153 -> 1
127,3,101 -> 1
128,0,206 -> 1
128,1,50 -> 1
128,2,154 -> 1
128,3,102 -> 1
129,0,207 -> 1
129,1,51 -> 1
129,2,155 -> 1
129,3,103 -> 1
104,4,104 -> 1
105,4,105 -> 1
106,4,106 -> 1
107,4,107 -> 1
108,4,108 -> 1
109,4,109 -> 1
110,4,110 -> 1
111,4,111 -> 1
112,4,112 -> 1
113,4,113 -> 1
114,4,114 -> 1
115,4,115 -> 1
116,4,116 -> 1
117,4,117 -> 1
118,4,118 -> 1
119,4,119 -> 1
120,4,120 -> 1
121,4,121 -> 1
122,4,122 -> 1
123,4,123 -> 1
124,4,124 -> 1
125,4,125 -> 1
126,4,126 -> 1
127,4,127 -> 1
128,4,128 -> 1
129,4,129 -> 1
104,5,104 -> 1
105,5,105 -> 1
106,5,106 -> 1
107,5,107 -> 1
108,5,108 -> 1
109,5,109 -> 1
110,5,110 -> 1
111,5,111 -> 1
112,5,112 -> 1
113,5,113 -> 1
114,5,114 -> 1
115,5,115 -> 1
116,5,116 -> 1
117,5,117 -> 1
118,5,118 -> 1
119,5,119 -> 1
120,5,120 -> 1
121,5,121 -> 1
122,5,122 -> 1
123,5,123 -> 1
124,5,124 -> 1
125,5,125 -> 1
126,5,126 -> 1
127,5,127 -> 1
128,5,128 -> 1
129,5,129 -> 1
104,6,104 -> 1
105,6,105 -> 1
106,6,106 -> 1
107,6,107 -> 1
108,6,108 -> 1
109,6,109 -> 1
110,6,110 -> 1
111,6,111 -> 1
112,6,112 -> 1
113,6,113 -> 1
114,6,114 -> 1
115,6,115 -> 1
116,6,116 -> 1
117,6,117 -> 1
118,6,118 -> 1
119,6,119 -> 1
120,6,120 -> 1
121,6,121 -> 1
122,6,122 -> 1
123,6,123 -> 1
124,6,124 -> 1
125,6,125 -> 1
126,6,126 -> 1
127,6,127 -> 1
128,6,128 -> 1
129,6,129 -> 1
104,7,104 -> 1
105,7,105 -> 1
106,7,106 -> 1
107,7,107 -> 1
108,7,108 -> 1
109,7,109 -> 1
110,7,110 -> 1
111,7,111 -> 1
112,7,112 -> 1
113,7,113 -> 1
114,7,114 -> 1
115,7,115 -> 1
116,7,116 -> 1
117,7,117 -> 1
118,7,118 -> 1
119,7,119 -> 1
120,7,120 -> 1
121,7,121 -> 1
122,7,122 -> 1
123,7,123 -> 1
124,7,124 -> 1
125,7,125 -> 1
126,7,126 -> 1
127,7,127 -> 1
128,7,128 -> 1
129,7,129 -> 1
104,8,104 -> 1
105,8,105 -> 1
106,8,106 -> 1
107,8,107 -> 1
108,8,108 -> 1
109,8,109 -> 1
110,8,110 -> 1
111,8,111 -> 1
112,8,112 -> 1
113,8,113 -> 1
114,8,114 -> 1
115,8,115 -> 1
116,8,116 -> 1
117,8,117 -> 1
118,8,118 -> 1
119,8,119 -> 1
120,8,120 -> 1
121,8,121 -> 1
122,8,122 -> 1
123,8,123 -> 1
124,8,124 -> 1
125,8,125 -> 1
126,8,126 -> 1
127,8,127 -> 1
128,8,128 -> 1
129,8,129 -> 1
104,9,104 -> 1
105,9,105 -> 1
106,9,106 -> 1
107,9,107 -> 1
108,9,108 -> 1
109,9,109 -> 1
110,9,110 -> 1
111,9,111 -> 1
112,9,112 -> 1
113,9,113 -> 1
114,9,114 -> 1
115,9,115 -> 1
116,9,116 -> 1
117,9,117 -> 1
118,9,118 -> 1
119,9,119 -> 1
120,9,120 -> 1
121,9,121 -> 1
122,9,122 -> 1
123,9,123 -> 1
124,9,124 -> 1
125,9,125 -> 1
126,9,126 -> 1
127,9,127 -> 1
128,9,128 -> 1
129,9,129 -> 1
130,0,208 -> 1
130,1,52 -> 1
130,2,234 -> 1
130,3,104 -> 1
131,0,209 -> 1
131,1,53 -> 1
131,2,234 -> 1
131,3,105 -> 1
132,0,210 -> 1
132,1,54 -> 1
132,2,234 -> 1
132,3,106 -> 1
133,0,211 -> 1
133,1,55 -> 1
133,2,234 -> 1
133,3,107 -> 1
134,0,212 -> 1
134,1,56 -> 1
134,2,234 -> 1
134,3,108 -> 1
135,0,213 -> 1
135,1,57 -> 1
135,2,234 -> 1
135,3,109 -> 1
136,0,214 -> 1
136,1,58 -> 1
136,2,234 -> 1
136,3,110 -> 1
137,0,215 -> 1
137,1,59 -> 1
137,2,234 -> 1
137,3,111 -> 1
138,0,216 -> 1
138,1,60 -> 1
138,2,234 -> 1
138,3,112 -> 1
139,0,217 -> 1
139,1,61 -> 1
139,2,234 -> 1
139,3,113 -> 1
140,0,218 -> 1
140,1,62 -> 1
140,2,234 -> 1
140,3,114 -> 1
141,0,219 -> 1
141,1,63 -> 1
141,2,234 -> 1
141,3,115 -> 1
142,0,220 -> 1
142,1,64 -> 1
142,2,234 -> 1
142,3,116 -> 1
143,0,221 -> 1
143,1,65 -> 1
143,2,234 -> 1
143,3,117 -> 1
144,0,222 -> 1
144,1,66 -> 1
144,2,234 -> 1
144,3,118 -> 1
145,0,223 -> 1
145,1,67 -> 1
145,2,234 -> 1
145,3,119 -> 1
146,0,224 -> 1
146,1,68 -> 1
146,2,234 -> 1
146,3,120 -> 1
147,0,225 -> 1
147,1,69 -> 1
147,2,234 -> 1
147,3,121 -> 1
148,0,226 -> 1
148,1,70 -> 1
148,2,234 -> 1
148,3,122 -> 1
149,0,227 -> 1
149,1,71 -> 1
149,2,234 -> 1
149,3,123 -> 1
150,0,228 -> 1
150,1,72 -> 1
150,2,234 -> 1
150,3,124 -> 1
151,0,229 -> 1
151,1,73 -> 1
151,2,234 -> 1
151,3,125 -> 1
152,0,230 -> 1
152,1,74 -> 1
152,2,234 -> 1
152,3,126 -> 1
153,0,231 -> 1
153,1,75 -> 1
153,2,234 -> 1
153,3,127 -> 1
154,0,232 -> 1
154,1,76 -> 1
154,2,234 -> 1
154,3,128 -> 1
155,0,233 -> 1
155,1,77 -> 1
155,2,234 -> 1
155,3,129 -> 1
130,4,130 -> 1
131,4,131 -> 1
132,4,132 -> 1
133,4,133 -> 1
134,4,134 -> 1
135,4,130 -> 1
136,4,136 -> 1
137,4,137 -> 1
138,4,138 -> 1
139,4,131 -> 1
140,4,140 -> 1
141,4,141 -> 1
142,4,132 -> 1
143,4,143 -> 1
144,4,133 -> 1
145,4,134 -> 1
146,4,146 -> 1
147,4,147 -> 1
148,4,136 -> 1
149,4,149 -> 1
150,4,137 -> 1
151,4,138 -> 1
152,4,152 -> 1
153,4,140 -> 1
154,4,141 -> 1
155,4,143 -> 1
130,5,130 -> 1
131,5,131 -> 1
132,5,132 -> 1
133,5,133 -> 1
134,5,134 -> 1
135,5,135 -> 1
136,5,136 -> 1
137,5,137 -> 1
138,5,138 -> 1
139,5,139 -> 1
140,5,140 -> 1
141,5,141 -> 1
142,5,142 -> 1
143,5,143 -> 1
144,5,144 -> 1
145,5,145 -> 1
146,5,146 -> 1
147,5,147 -> 1
148,5,148 -> 1
149,5,149 -> 1
150,5,150 -> 1
151,5,151 -> 1
152,5,152 -> 1
153,5,153 -> 1
154,5,154 -> 1
155,5,155 -> 1
130,6,130 -> 1
131,6,131 -> 1
132,6,132 -> 1
133,6,133 -> 1
134,6,134 -> 1
135,6,135 -> 1
136,6,136 -> 1
137,6,137 -> 1
138,6,138 -> 1
139,6,139 -> 1
140,6,140 -> 1
141,6,141 -> 1
142,6,142 -> 1
143,6,143 -> 1
144,6,144 -> 1
145,6,145 -> 1
146,6,146 -> 1
147,6,147 -> 1
148,6,148 -> 1
149,6,149 -> 1
150,6,150 -> 1
151,6,151 -> 1
152,6,152 -> 1
153,6,153 -> 1
154,6,154 -> 1
155,6,155 -> 1
130,7,130 -> 1
131,7,131 -> 1
132,7,132 -> 1
133,7,133 -> 1
134,7,134 -> 1
135,7,135 -> 1
136,7,136 -> 1
137,7,137 -> 1
138,7,138 -> 1
139,7,139 -> 1
140,7,140 -> 1
141,7,141 -> 1
142,7,142 -> 1
143,7,143 -> 1
144,7,144 -> 1
145,7,145 -> 1
146,7,146 -> 1
147,7,147 -> 1
148,7,148 -> 1
149,7,149 -> 1
150,7,150 -> 1
151,7,151 -> 1
152,7,152 -> 1
153,7,153 -> 1
154,7,154 -> 1
155,7,155 -> 1
130,8,130 -> 1
131,8,131 -> 1
132,8,132 -> 1
133,8,133 -> 1
134,8,134 -> 1
135,8,135 -> 1
136,8,136 -> 1
137,8,137 -> 1
138,8,138 -> 1
139,8,139 -> 1
140,8,140 -> 1
141,8,141 -> 1
142,8,142 -> 1
143,8,143 -> 1
144,8,144 -> 1
145,8,145 -> 1
146,8,146 -> 1
147,8,147 -> 1
148,8,148 -> 1
149,8,149 -> 1
150,8,150 -> 1
151,8,151 -> 1
152,8,152 -> 1
153,8,153 -> 1
154,8,154 -> 1
155,8,155 -> 1
130,9,130 -> 1
131,9,131 -> 1
132,9,132 -> 1
133,9,133 -> 1
134,9,134 -> 1
135,9,135 -> 1
136,9,136 -> 1
137,9,137 -> 1
138,9,138 -> 1
139,9,139 -> 1
140,9,140 -> 1
141,9,141 -> 1
142,9,142 -> 1
143,9,143 -> 1
144,9,144 -> 1
145,9,145 -> 1
146,9,146 -> 1
147,9,147 -> 1
148,9,148 -> 1
149,9,149 -> 1
150,9,150 -> 1
151,9,151 -> 1
152,9,152 -> 1
153,9,153 -> 1
154,9,154 -> 1
155,9,155 -> 1
156,0,156 -> 1
156,1,78 -> 1
156,2,182 -> 1
156,3,156 -> 1
157,0,157 -> 1
157,1,79 -> 1
157,2,183 -> 1
157,3,157 -> 1
158,0,158 -> 1
158,1,80 -> 1
158,2,184 -> 1
158,3,158 -> 1
159,0,159 -> 1
159,1,81 -> 1
159,2,185 -> 1
159,3,159 -> 1
160,0,160 -> 1
160,1,82 -> 1
160,2,186 -> 1
160,3,160 -> 1
161,0,161 -> 1
161,1,83 -> 1
161,2,187 -> 1
161,3,161 -> 1
162,0,162 -> 1
162,1,84 -> 1
162,2,188 -> 1
162,3,162 -> 1
163,0,163 -> 1
163,1,85 -> 1
163,2,189 -> 1
163,3,163 -> 1
164,0,164 -> 1
164,1,86 -> 1
164,2,190 -> 1
164,3,164 -> 1
165,0,165 -> 1
165,1,87 -> 1
165,2,191 -> 1
165,3,165 -> 1
166,0,166 -> 1
166,1,88 -> 1
166,2,192 -> 1
166,3,166 -> 1
167,0,167 -> 1
167,1,89 -> 1
167,2,193 -> 1
167,3,167 -> 1
168,0,168 -> 1
168,1,90 -> 1
168,2,194 -> 1
168,3,168 -> 1
169,0,169 -> 1
169,1,91 -> 1
169,2,195 -> 1
169,3,169 -> 1
170,0,170 -> 1
170,1,92 -> 1
170,2,196 -> 1
170,3,170 -> 1
171,0,171 -> 1
171,1,93 -> 1
171,2,197 -> 1
171,3,171 -> 1
172,0,172 -> 1
172,1,94 -> 1
172,2,198 -> 1
172,3,172 -> 1
173,0,173 -> 1
173,1,95 -> 1
173,2,199 -> 1
173,3,173 -> 1
174,0,174 -> 1
174,1,96 -> 1
174,2,200 -> 1
174,3,174 -> 1
175,0,175 -> 1
175,1,97 -> 1
175,2,201 -> 1
175,3,175 -> 1
176,0,176 -> 1
176,1,98 -> 1
176,2,202 -> 1
176,3,176 -> 1
177,0,177 -> 1
177,1,99 -> 1
177,2,203 -> 1
177,3,177 -> 1
178,0,178 -> 1
178,1,100 -> 1
178,2,204 -> 1
178,3,178 -> 1
179,0,179 -> 1
179,1,101 -> 1
179,2,205 -> 1
179,3,179 -> 1
180,0,180 -> 1
180,1,102 -> 1
180,2,206 -> 1
180,3,180 -> 1
181,0,181 -> 1
181,1,103 -> 1
181,2,207 -> 1
181,3,181 -> 1
156,4,156 -> 1
157,4,157 -> 1
158,4,158 -> 1
159,4,159 -> 1
160,4,156 -> 1
161,4,161 -> 1
162,4,162 -> 1
163,4,163 -> 1
164,4,157 -> 1
165,4,165 -> 1
166,4,166 -> 1
167,4,158 -> 1
168,4,168 -> 1
169,4,159 -> 1
170,4,170 -> 1
171,4,161 -> 1
172,4,172 -> 1
173,4,162 -> 1
174,4,174 -> 1
175,4,163 -> 1
176,4,176 -> 1
177,4,165 -> 1
178,4,166 -> 1
179,4,179 -> 1
180,4,168 -> 1
181,4,170 -> 1
156,5,156 -> 1
157,5,157 -> 1
158,5,158 -> 1
159,5,159 -> 1
160,5,160 -> 1
161,5,161 -> 1
162,5,162 -> 1
163,5,163 -> 1
164,5,164 -> 1
165,5,165 -> 1
166,5,166 -> 1
167,5,167 -> 1
168,5,168 -> 1
169,5,169 -> 1
170,5,170 -> 1
171,5,171 -> 1
172,5,172 -> 1
173,5,173 -> 1
174,5,174 -> 1
175,5,175 -> 1
176,5,176 -> 1
177,5,177 -> 1
178,5,178 -> 1
179,5,179 -> 1
180,5,180 -> 1
181,5,181 -> 1
156,6,156 -> 1
157,6,157 -> 1
158,6,158 -> 1
159,6,159 -> 1
160,6,160 -> 1
161,6,161 -> 1
162,6,162 -> 1
163,6,163 -> 1
164,6,164 -> 1
165,6,165 -> 1
166,6,166 -> 1
167,6,167 -> 1
168,6,168 -> 1
169,6,169 -> 1
170,6,170 -> 1
171,6,171 -> 1
172,6,172 -> 1
173,6,173 -> 1
174,6,174 -> 1
175,6,175 -> 1
176,6,176 -> 1
177,6,177 -> 1
178,6,178 -> 1
179,6,179 -> 1
180,6,180 -> 1
181,6,181 -> 1
156,7,156 -> 1
157,7,157 -> 1
158,7,158 -> 1
159,7,159 -> 1
160,7,160 -> 1
161,7,161 -> 1
162,7,162 -> 1
163,7,163 -> 1
164,7,164 -> 1
165,7,165 -> 1
166,7,166 -> 1
167,7,167 -> 1
168,7,168 -> 1
169,7,169 -> 1
170,7,170 -> 1
171,7,171 -> 1
172,7,172 -> 1
173,7,173 -> 1
174,7,174 -> 1
175,7,175 -> 1
176,7,176 -> 1
177,7,177 -> 1
178,7,178 -> 1
179,7,179 -> 1
180,7,180 -> 1
181,7,181 -> 1
156,8,156 -> 1
157,8,157 -> 1
158,8,158 -> 1
159,8,159 -> 1
160,8,160 -> 1
161,8,161 -> 1
162,8,162 -> 1
163,8,163 -> 1
164,8,164 -> 1
165,8,165 -> 1
166,8,166 -> 1
167,8,167 -> 1
168,8,168 -> 1
169,8,169 -> 1
170,8,170 -> 1
171,8,171 -> 1
172,8,172 -> 1
173,8,173 -> 1
174,8,174 -> 1
175,8,175 -> 1
176,8,176 -> 1
177,8,177 -> 1
178,8,178 -> 1
179,8,179 -> 1
180,8,180 -> 1
181,8,181 -> 1
156,9,156 -> 1
157,9,157 -> 1
158,9,158 -> 1
159,9,159 -> 1
160,9,160 -> 1
161,9,161 -> 1
162,9,162 -> 1
163,9,163 -> 1
164,9,164 -> 1
165,9,165 -> 1
166,9,166 -> 1
167,9,167 -> 1
168,9,168 -> 1
169,9,169 -> 1
170,9,170 -> 1
171,9,171 -> 1
172,9,172 -> 1
173,9,173 -> 1
174,9,174 -> 1
175,9,175 -> 1
176,9,176 -> 1
177,9,177 -> 1
178,9,178 -> 1
179,9,179 -> 1
180,9,180 -> 1
181,9,181 -> 1
182,0,182 -> 1
182,1,104 -> 1
182,2,208 -> 1
182,3,156 -> 1
183,0,183 -> 1
183,1,105 -> 1
183,2,209 -> 1
183,3,157 -> 1
184,0,184 -> 1
184,1,106 -> 1
184,2,210 -> 1
184,3,158 -> 1
185,0,185 -> 1
185,1,107 -> 1
185,2,211 -> 1
185,3,159 -> 1
186,0,186 -> 1
186,1,108 -> 1
186,2,212 -> 1
186,3,160 -> 1
187,0,187 -> 1
187,1,109 -> 1
187,2,213 -> 1
187,3,161 -> 1
188,0,188 -> 1
188,1,110 -> 1
188,2,214 -> 1
188,3,162 -> 1
189,0,189 -> 1
189,1,111 -> 1
189,2,215 -> 1
189,3,163 -> 1
190,0,190 -> 1
190,1,112 -> 1
190,2,216 -> 1
190,3,164 -> 1
191,0,191 -> 1
191,1,113 -> 1
191,2,217 -> 1
191,3,165 -> 1
192,0,192 -> 1
192,1,114 -> 1
192,2,218 -> 1
192,3,166 -> 1
193,0,193 -> 1
193,1,115 -> 1
193,2,219 -> 1
193,3,167 -> 1
194,0,194 -> 1
194,1,116 -> 1
194,2,220 -> 1
194,3,168 -> 1
195,0,195 -> 1
195,1,117 -> 1
195,2,221 -> 1
195,3,169 -> 1
196,0,196 -> 1
196,1,118 -> 1
196,2,222 -> 1
196,3,170 -> 1
197,0,197 -> 1
197,1,119 -> 1
197,2,223 -> 1
197,3,171 -> 1
198,0,198 -> 1
198,1,120 -> 1
198,2,224 -> 1
198,3,172 -> 1
199,0,199 -> 1
199,1,121 -> 1
199,2,225 -> 1
199,3,173 -> 1
200,0,200 -> 1
200,1,122 -> 1
200,2,226 -> 1
200,3,174 -> 1
201,0,201 -> 1
201,1,123 -> 1
201,2,227 -> 1
201,3,175 -> 1
202,0,202 -> 1
202,1,124 -> 1
202,2,228 -> 1
202,3,176 -> 1
203,0,203 -> 1
203,1,125 -> 1
203,2,229 -> 1
203,3,177 -> 1
204,0,204 -> 1
204,1,126 -> 1
204,2,230 -> 1
204,3,178 -> 1
205,0,205 -> 1
205,1,127 -> 1
205,2,231 -> 1
205,3,179 -> 1
206,0,206 -> 1
206,1,128 -> 1
206,2,232 -> 1
206,3,180 -> 1
207,0,207 -> 1
207,1,129 -> 1
207,2,233 -> 1
207,3,181 -> 1
182,4,182 -> 1
183,4,183 -> 1
184,4,184 -> 1
185,4,185 -> 1
186,4,186 -> 1
187,4,187 -> 1
188,4,188 -> 1
189,4,189 -> 1
190,4,190 -> 1
191,4,191 -> 1
192,4,192 -> 1
193,4,193 -> 1
194,4,194 -> 1
195,4,195 -> 1
196,4,196 -> 1
197,4,197 -> 1
198,4,198 -> 1
199,4,199 -> 1
200,4,200 -> 1
201,4,201 -> 1
202,4,202 -> 1
203,4,203 -> 1
204,4,204 -> 1
205,4,205 -> 1
206,4,206 -> 1
207,4,207 -> 1
182,5,182 -> 1
183,5,183 -> 1
184,5,184 -> 1
185,5,185 -> 1
186,5,186 -> 1
187,5,187 -> 1
188,5,188 -> 1
189,5,189 -> 1
190,5,190 -> 1
191,5,191 -> 1
192,5,192 -> 1
193,5,193 -> 1
194,5,194 -> 1
195,5,195 -> 1
196,5,196 -> 1
197,5,197 -> 1
198,5,198 -> 1
199,5,199 -> 1
200,5,200 -> 1
201,5,201 -> 1
202,5,202 -> 1
203,5,203 -> 1
204,5,204 -> 1
205,5,205 -> 1
206,5,206 -> 1
207,5,207 -> 1
182,6,182 -> 1
183,6,183 -> 1
184,6,184 -> 1
185,6,185 -> 1
186,6,186 -> 1
187,6,187 -> 1
188,6,188 -> 1
189,6,189 -> 1
190,6,190 -> 1
191,6,191 -> 1
192,6,192 -> 1
193,6,193 -> 1
194,6,194 -> 1
195,6,195 -> 1
196,6,196 -> 1
197,6,197 -> 1
198,6,198 -> 1
199,6,199 -> 1
200,6,200 -> 1
201,6,201 -> 1
202,6,202 -> 1
203,6,203 -> 1
204,6,204 -> 1
205,6,205 -> 1
206,6,206 -> 1
207,6,207 -> 1
182,7,182 -> 1
183,7,183 -> 1
184,7,184 -> 1
185,7,185 -> 1
186,7,186 -> 1
187,7,187 -> 1
188,7,188 -> 1
189,7,189 -> 1
190,7,190 -> 1
191,7,191 -> 1
192,7,192 -> 1
193,7,193 -> 1
194,7,194 -> 1
195,7,195 -> 1
196,7,196 -> 1
197,7,197 -> 1
198,7,198 -> 1
199,7,199 -> 1
200,7,200 -> 1
201,7,201 -> 1
202,7,202 -> 1
203,7,203 -> 1
204,7,204 -> 1
205,7,205 -> 1
206,7,206 -> 1
207,7,207 -> 1
182,8,182 -> 1
183,8,183 -> 1
184,8,184 -> 1
185,8,185 -> 1
186,8,186 -> 1
187,8,187 -> 1
188,8,188 -> 1
189,8,189 -> 1
190,8,190 -> 1
191,8,191 -> 1
192,8,192 -> 1
193,8,193 -> 1
194,8,194 -> 1
195,8,195 -> 1
196,8,196 -> 1
197,8,197 -> 1
198,8,198 -> 1
199,8,199 -> 1
200,8,200 -> 1
201,8,201 -> 1
202,8,202 -> 1
203,8,203 -> 1
204,8,204 -> 1
205,8,205 -> 1
206,8,206 -> 1
207,8,207 -> 1
182,9,182 -> 1
183,9,183 -> 1
184,9,184 -> 1
185,9,185 -> 1
186,9,186 -> 1
187,9,187 -> 1
188,9,188 -> 1
189,9,189 -> 1
190,9,190 -> 1
191,9,191 -> 1
192,9,192 -> 1
193,9,193 -> 1
194,9,194 -> 1
195,9,195 -> 1
196,9,196 -> 1
197,9,197 -> 1
198,9,198 -> 1
199,9,199 -> 1
200,9,200 -> 1
201,9,201 -> 1
202,9,202 -> 1
203,9,203 -> 1
204,9,204 -> 1
205,9,205 -> 1
206,9,206 -> 1
207,9,207 -> 1
208,0,208 -> 1
208,1,130 -> 1
208,2,234 -> 1
208,3,182 -> 1
209,0,209 -> 1
209,1,131 -> 1
209,2,234 -> 1
209,3,183 -> 1
210,0,210 -> 1
210,1,132 -> 1
210,2,234 -> 1
210,3,184 -> 1
211,0,211 -> 1
211,1,133 -> 1
211,2,234 -> 1
211,3,185 -> 1
212,0,212 -> 1
212,1,134 -> 1
212,2,234 -> 1
212,3,186 -> 1
213,0,213 -> 1
213,1,135 -> 1
213,2,234 -> 1
213,3,187 -> 1
214,0,214 -> 1
214,1,136 -> 1
214,2,234 -> 1
214,3,188 -> 1
215,0,215 -> 1
215,1,137 -> 1
215,2,234 -> 1
215,3,189 -> 1
216,0,216 -> 1
216,1,138 -> 1
216,2,234 -> 1
216,3,190 -> 1
217,0,217 -> 1
217,1,139 -> 1
217,2,234 -> 1
217,3,191 -> 1
218,0,218 -> 1
218,1,140 -> 1
218,2,234 -> 1
218,3,192 -> 1
219,0,219 -> 1
219,1,141 -> 1
219,2,234 -> 1
219,3,193 -> 1
220,0,220 -> 1
220,1,142 -> 1
220,2,234 -> 1
220,3,194 -> 1
221,0,221 -> 1
221,1,143 -> 1
221,2,234 -> 1
221,3,195 -> 1
222,0,222 -> 1
222,1,144 -> 1
222,2,234 -> 1
222,3,196 -> 1
223,0,223 -> 1
223,1,145 -> 1
223,2,234 -> 1
223,3,197 -> 1
224,0,224 -> 1
224,1,146 -> 1
224,2,234 -> 1
224,3,198 -> 1
225,0,225 -> 1
225,1,147 -> 1
225,2,234 -> 1
225,3,199 -> 1
226,0,226 -> 1
226,1,148 -> 1
226,2,234 -> 1
226,3,200 -> 1
227,0,227 -> 1
227,1,149 -> 1
227,2,234 -> 1
227,3,201 -> 1
228,0,228 -> 1
228,1,150 -> 1
228,2,234 -> 1
228,3,202 -> 1
229,0,229 -> 1
229,1,151 -> 1
229,2,234 -> 1
229,3,203 -> 1
230,0,230 -> 1
230,1,152 -> 1
230,2,234 -> 1
230,3,204 -> 1
231,0,231 -> 1
231,1,153 -> 1
231,2,234 -> 1
231,3,205 -> 1
232,0,232 -> 1
232,1,154 -> 1
232,2,234 -> 1
232,3,206 -> 1
233,0,233 -> 1
233,1,155 -> 1
233,2,234 -> 1
233,3,207 -> 1
208,4,208 -> 1
209,4,209 -> 1
210,4,210 -> 1
211,4,211 -> 1
212,4,212 -> 1
213,4,213 -> 1
214,4,214 -> 1
215,4,215 -> 1
216,4,216 -> 1
217,4,217 -> 1
218,4,218 -> 1
219,4,219 -> 1
220,4,220 -> 1
221,4,221 -> 1
222,4,222 -> 1
223,4,223 -> 1
224,4,224 -> 1
225,4,225 -> 1
226,4,226 -> 1
227,4,227 -> 1
228,4,228 -> 1
229,4,229 -> 1
230,4,230 -> 1
231,4,231 -> 1
232,4,232 -> 1
233,4,233 -> 1
208,5,208 -> 1
209,5,209 -> 1
210,5,210 -> 1
211,5,211 -> 1
212,5,212 -> 1
213,5,213 -> 1
214,5,214 -> 1
215,5,215 -> 1
216,5,216 -> 1
217,5,217 -> 1
218,5,218 -> 1
219,5,219 -> 1
220,5,220 -> 1
221,5,221 -> 1
222,5,222 -> 1
223,5,223 -> 1
224,5,224 -> 1
225,5,225 -> 1
226,5,226 -> 1
227,5,227 -> 1
228,5,228 -> 1
229,5,229 -> 1
230,5,230 -> 1
231,5,231 -> 1
232,5,232 -> 1
233,5,233 -> 1
208,6,208 -> 1
209,6,209 -> 1
210,6,210 -> 1
211,6,211 -> 1
212,6,212 -> 1
213,6,213 -> 1
214,6,214 -> 1
215,6,215 -> 1
216,6,216 -> 1
217,6,217 -> 1
218,6,218 -> 1
219,6,219 -> 1
220,6,220 -> 1
221,6,221 -> 1
222,6,222 -> 1
223,6,223 -> 1
224,6,224 -> 1
225,6,225 -> 1
226,6,226 -> 1
227,6,227 -> 1
228,6,228 -> 1
229,6,229 -> 1
230,6,230 -> 1
231,6,231 -> 1
232,6,232 -> 1
233,6,233 -> 1
208,7,208 -> 1
209,7,209 -> 1
210,7,210 -> 1
211,7,211 -> 1
212,7,212 -> 1
213,7,213 -> 1
214,7,214 -> 1
215,7,215 -> 1
216,7,216 -> 1
217,7,217 -> 1
218,7,218 -> 1
219,7,219 -> 1
220,7,220 -> 1
221,7,221 -> 1
222,7,222 -> 1
223,7,223 -> 1
224,7,224 -> 1
225,7,225 -> 1
226,7,226 -> 1
227,7,227 -> 1
228,7,228 -> 1
229,7,229 -> 1
230,7,230 -> 1
231,7,231 -> 1
232,7,232 -> 1
233,7,233 -> 1
208,8,208 -> 1
209,8,209 -> 1
210,8,210 -> 1
211,8,211 -> 1
212,8,212 -> 1
213,8,213 -> 1
214,8,214 -> 1
215,8,215 -> 1
216,8,216 -> 1
217,8,217 -> 1
218,8,218 -> 1
219,8,219 -> 1
220,8,220 -> 1
221,8,221 -> 1
222,8,222 -> 1
223,8,223 -> 1
224,8,224 -> 1
225,8,225 -> 1
226,8,226 -> 1
227,8,227 -> 1
228,8,228 -> 1
229,8,229 -> 1
230,8,230 -> 1
231,8,231 -> 1
232,8,232 -> 1
233,8,233 -> 1
208,9,208 -> 1
209,9,209 -> 1
210,9,210 -> 1
211,9,211 -> 1
212,9,212 -> 1
213,9,213 -> 1
214,9,214 -> 1
215,9,215 -> 1
216,9,216 -> 1
217,9,217 -> 1
218,9,218 -> 1
219,9,219 -> 1
220,9,220 -> 1
221,9,221 -> 1
222,9,222 -> 1
223,9,223 -> 1
224,9,224 -> 1
225,9,225 -> 1
226,9,226 -> 1
227,9,227 -> 1
228,9,228 -> 1
229,9,229 -> 1
230,9,230 -> 1
231,9,231 -> 1
232,9,232 -> 1
233,9,233 -> 1
234,_,234 -> 1

# Observation function (a,s,o -> p)
0,0,2 -> 1
0,1,2 -> 1
0,2,2 -> 1
0,3,2 -> 1
0,4,2 -> 1
0,5,2 -> 1
0,6,2 -> 1
0,7,2 -> 1
0,8,2 -> 1
0,9,2 -> 1
0,10,2 -> 1
0,11,2 -> 1
0,12,2 -> 1
0,13,2 -> 1
0,14,2 -> 1
0,15,2 -> 1
0,16,2 -> 1
0,17,2 -> 1
0,18,2 -> 1
0,19,2 -> 1
0,20,2 -> 1
0,21,2 -> 1
0,22,2 -> 1
0,23,2 -> 1
0,24,2 -> 1
0,25,2 -> 1
0,26,2 -> 1
0,27,2 -> 1
0,28,2 -> 1
0,29,2 -> 1
0,30,2 -> 1
0,31,2 -> 1
0,32,2 -> 1
0,33,2 -> 1
0,34,2 -> 1
0,35,2 -> 1
0,36,2 -> 1
0,37,2 -> 1
0,38,2 -> 1
0,39,2 -> 1
0,40,2 -> 1
0,41,2 -> 1
0,42,2 -> 1
0,43,2 -> 1
0,44,2 -> 1
0,45,2 -> 1
0,46,2 -> 1
0,47,2 -> 1
0,48,2 -> 1
0,49,2 -> 1
0,50,2 -> 1
0,51,2 -> 1
0,52,2 -> 1
0,53,2 -> 1
0,54,2 -> 1
0,55,2 -> 1
0,56,2 -> 1
0,57,2 -> 1
0,58,2 -> 1
0,59,2 -> 1
0,60,2 -> 1
0,61,2 -> 1
0,62,2 -> 1
0,63,2 -> 1
0,64,2 -> 1
0,65,2 -> 1
0,66,2 -> 1
0,67,2 -> 1
0,68,2 -> 1
0,69,2 -> 1
0,70,2 -> 1
0,71,2 -> 1
0,72,2 -> 1
0,73,2 -> 1
0,74,2 -> 1
0,75,2 -> 1
0,76,2 -> 1
0,77,2 -> 1
0,78,2 -> 1
0,79,2 -> 1
0,80,2 -> 1
0,81,2 -> 1
0,82,2 -> 1
0,83,2 -> 1
0,84,2 -> 1
0,85,2 -> 1
0,86,2 -> 1
0,87,2 -> 1
0,88,2 -> 1
0,89,2 -> 1
0,90,2 -> 1
0,91,2 -> 1
0,92,2 -> 1
0,93,2 -> 1
0,94,2 -> 1
0,95,2 -> 1
0,96,2 -> 1
0,97,2 -> 1
0,98,2 -> 1
0,99,2 -> 1
0,100,2 -> 1
0,101,2 -> 1
0,102,2 -> 1
0,103,2 -> 1
0,104,2 -> 1
0,105,2 -> 1
0,106,2 -> 1
0,107,2 -> 1
0,108,2 -> 1
0,109,2 -> 1
0,110,2 -> 1
0,111,2 -> 1
0,112,2 -> 1
0,113,2 -> 1
0,114,2 -> 1
0,115,2 -> 1
0,116,2 -> 1
0,117,2 -> 1
0,118,2 -> 1
0,119,2 -> 1
0,120,2 -> 1
0,121,2 -> 1
0,122,2 -> 1
0,123,2 -> 1
0,124,2 -> 1
0,125,2 -> 1
0,126,2 -> 1
0,127,2 -> 1
0,128,2 -> 1
0,129,2 -> 1
0,130,2 -> 1
0,131,2 -> 1
0,132,2 -> 1
0,133,2 -> 1
0,134,2 -> 1
0,135,2 -> 1
0,136,2 -> 1
0,137,2 -> 1
0,138,2 -> 1
0,139,2 -> 1
0,140,2 -> 1
0,141,2 -> 1
0,142,2 -> 1
0,143,2 -> 1
0,144,2 -> 1
0,145,2 -> 1
0,146,2 -> 1
0,147,2 -> 1
0,148,2 -> 1
0,149,2 -> 1
0,150,2 -> 1
0,151,2 -> 1
0,152,2 -> 1
0,153,2 -> 1
0,154,2 -> 1
0,155,2 -> 1
0,156,2 -> 1
0,157,2 -> 1
0,158,2 -> 1
0,159,2 -> 1
0,160,2 -> 1
0,161,2 -> 1
0,162,2 -> 1
0,163,2 -> 1
0,164,2 -> 1
0,165,2 -> 1
0,166,2 -> 1
0,167,2 -> 1
0,168,2 -> 1
0,169,2 -> 1
0,170,2 -> 1
0,171,2 -> 1
0,172,2 -> 1
0,173,2 -> 1
0,174,2 -> 1
0,175,2 -> 1
0,176,2 -> 1
0,177,2 -> 1
0,178,2 -> 1
0,179,2 -> 1
0,180,2 -> 1
0,181,2 -> 1
0,182,2 -> 1
0,183,2 -> 1
0,184,2 -> 1
0,185,2 -> 1
0,186,2 -> 1
0,187,2 -> 1
0,188,2 -> 1
0,189,2 -> 1
0,190,2 -> 1
0,191,2 -> 1
0,192,2 -> 1
0,193,2 -> 1
0,194,2 -> 1
0,195,2 -> 1
0,196,2 -> 1
0,197,2 -> 1
0,198,2 -> 1
0,199,2 -> 1
0,200,2 -> 1
0,201,2 -> 1
0,202,2 -> 1
0,203,2 -> 1
0,204,2 -> 1
0,205,2 -> 1
0,206,2 -> 1
0,207,2 -> 1
0,208,2 -> 1
0,209,2 -> 1
0,210,2 -> 1
0,211,2 -> 1
0,212,2 -> 1
0,213,2 -> 1
0,214,2 -> 1
0,215,2 -> 1
0,216,2 -> 1
0,217,2 -> 1
0,218,2 -> 1
0,219,2 -> 1
0,220,2 -> 1
0,221,2 -> 1
0,222,2 -> 1
0,223,2 -> 1
0,224,2 -> 1
0,225,2 -> 1
0,226,2 -> 1
0,227,2 -> 1
0,228,2 -> 1
0,229,2 -> 1
0,230,2 -> 1
0,231,2 -> 1
0,232,2 -> 1
0,233,2 -> 1
1,0,2 -> 1
1,1,2 -> 1
1,2,2 -> 1
1,3,2 -> 1
1,4,2 -> 1
1,5,2 -> 1
1,6,2 -> 1
1,7,2 -> 1
1,8,2 -> 1
1,9,2 -> 1
1,10,2 -> 1
1,11,2 -> 1
1,12,2 -> 1
1,13,2 -> 1
1,14,2 -> 1
1,15,2 -> 1
1,16,2 -> 1
1,17,2 -> 1
1,18,2 -> 1
1,19,2 -> 1
1,20,2 -> 1
1,21,2 -> 1
1,22,2 -> 1
1,23,2 -> 1
1,24,2 -> 1
1,25,2 -> 1
1,26,2 -> 1
1,27,2 -> 1
1,28,2 -> 1
1,29,2 -> 1
1,30,2 -> 1
1,31,2 -> 1
1,32,2 -> 1
1,33,2 -> 1
1,34,2 -> 1
1,35,2 -> 1
1,36,2 -> 1
1,37,2 -> 1
1,38,2 -> 1
1,39,2 -> 1
1,40,2 -> 1
1,41,2 -> 1
1,42,2 -> 1
1,43,2 -> 1
1,44,2 -> 1
1,45,2 -> 1
1,46,2 -> 1
1,47,2 -> 1
1,48,2 -> 1
1,49,2 -> 1
1,50,2 -> 1
1,51,2 -> 1
1,52,2 -> 1
1,53,2 -> 1
1,54,2 -> 1
1,55,2 -> 1
1,56,2 -> 1
1,57,2 -> 1
1,58,2 -> 1
1,59,2 -> 1
1,60,2 -> 1
1,61,2 -> 1
1,62,2 -> 1
1,63,2 -> 1
1,64,2 -> 1
1,65,2 -> 1
1,66,2 -> 1
1,67,2 -> 1
1,68,2 -> 1
1,69,2 -> 1
1,70,2 -> 1
1,71,2 -> 1
1,72,2 -> 1
1,73,2 -> 1
1,74,2 -> 1
1,75,2 -> 1
1,76,2 -> 1
1,77,2 -> 1
1,78,2 -> 1
1,79,2 -> 1
1,80,2 -> 1
1,81,2 -> 1
1,82,2 -> 1
1,83,2 -> 1
1,84,2 -> 1
1,85,2 -> 1
1,86,2 -> 1
1,87,2 -> 1
1,88,2 -> 1
1,89,2 -> 1
1,90,2 -> 1
1,91,2 -> 1
1,92,2 -> 1
1,93,2 -> 1
1,94,2 -> 1
1,95,2 -> 1
1,96,2 -> 1
1,97,2 -> 1
1,98,2 -> 1
1,99,2 -> 1
1,100,2 -> 1
1,101,2 -> 1
1,102,2 -> 1
1,103,2 -> 1
1,104,2 -> 1
1,105,2 -> 1
1,106,2 -> 1
1,107,2 -> 1
1,108,2 -> 1
1,109,2 -> 1
1,110,2 -> 1
1,111,2 -> 1
1,112,2 -> 1
1,113,2 -> 1
1,114,2 -> 1
1,115,2 -> 1
1,116,2 -> 1
1,117,2 -> 1
1,118,2 -> 1
1,119,2 -> 1
1,120,2 -> 1
1,121,2 -> 1
1,122,2 -> 1
1,123,2 -> 1
1,124,2 -> 1
1,125,2 -> 1
1,126,2 -> 1
1,127,2 -> 1
1,128,2 -> 1
1,129,2 -> 1
1,130,2 -> 1
1,131,2 -> 1
1,132,2 -> 1
1,133,2 -> 1
1,134,2 -> 1
1,135,2 -> 1
1,136,2 -> 1
1,137,2 -> 1
1,138,2 -> 1
1,139,2 -> 1
1,140,2 -> 1
1,141,2 -> 1
1,142,2 -> 1
1,143,2 -> 1
1,144,2 -> 1
1,145,2 -> 1
1,146,2 -> 1
1,147,2 -> 1
1,148,2 -> 1
1,149,2 -> 1
1,150,2 -> 1
1,151,2 -> 1
1,152,2 -> 1
1,153,2 -> 1
1,154,2 -> 1
1,155,2 -> 1
1,156,2 -> 1
1,157,2 -> 1
1,158,2 -> 1
1,159,2 -> 1
1,160,2 -> 1
1,161,2 -> 1
1,162,2 -> 1
1,163,2 -> 1
1,164,2 -> 1
1,165,2 -> 1
1,166,2 -> 1
1,167,2 -> 1
1,168,2 -> 1
1,169,2 -> 1
1,170,2 -> 1
1,171,2 -> 1
1,172,2 -> 1
1,173,2 -> 1
1,174,2 -> 1
1,175,2 -> 1
1,176,2 -> 1
1,177,2 -> 1
1,178,2 -> 1
1,179,2 -> 1
1,180,2 -> 1
1,181,2 -> 1
1,182,2 -> 1
1,183,2 -> 1
1,184,2 -> 1
1,185,2 -> 1
1,186,2 -> 1
1,187,2 -> 1
1,188,2 -> 1
1,189,2 -> 1
1,190,2 -> 1
1,191,2 -> 1
1,192,2 -> 1
1,193,2 -> 1
1,194,2 -> 1
1,195,2 -> 1
1,196,2 -> 1
1,197,2 -> 1
1,198,2 -> 1
1,199,2 -> 1
1,200,2 -> 1
1,201,2 -> 1
1,202,2 -> 1
1,203,2 -> 1
1,204,2 -> 1
1,205,2 -> 1
1,206,2 -> 1
1,207,2 -> 1
1,208,2 -> 1
1,209,2 -> 1
1,210,2 -> 1
1,211,2 -> 1
1,212,2 -> 1
1,213,2 -> 1
1,214,2 -> 1
1,215,2 -> 1
1,216,2 -> 1
1,217,2 -> 1
1,218,2 -> 1
1,219,2 -> 1
1,220,2 -> 1
1,221,2 -> 1
1,222,2 -> 1
1,223,2 -> 1
1,224,2 -> 1
1,225,2 -> 1
1,226,2 -> 1
1,227,2 -> 1
1,228,2 -> 1
1,229,2 -> 1
1,230,2 -> 1
1,231,2 -> 1
1,232,2 -> 1
1,233,2 -> 1
2,0,2 -> 1
2,1,2 -> 1
2,2,2 -> 1
2,3,2 -> 1
2,4,2 -> 1
2,5,2 -> 1
2,6,2 -> 1
2,7,2 -> 1
2,8,2 -> 1
2,9,2 -> 1
2,10,2 -> 1
2,11,2 -> 1
2,12,2 -> 1
2,13,2 -> 1
2,14,2 -> 1
2,15,2 -> 1
2,16,2 -> 1
2,17,2 -> 1
2,18,2 -> 1
2,19,2 -> 1
2,20,2 -> 1
2,21,2 -> 1
2,22,2 -> 1
2,23,2 -> 1
2,24,2 -> 1
2,25,2 -> 1
2,26,2 -> 1
2,27,2 -> 1
2,28,2 -> 1
2,29,2 -> 1
2,30,2 -> 1
2,31,2 -> 1
2,32,2 -> 1
2,33,2 -> 1
2,34,2 -> 1
2,35,2 -> 1
2,36,2 -> 1
2,37,2 -> 1
2,38,2 -> 1
2,39,2 -> 1
2,40,2 -> 1
2,41,2 -> 1
2,42,2 -> 1
2,43,2 -> 1
2,44,2 -> 1
2,45,2 -> 1
2,46,2 -> 1
2,47,2 -> 1
2,48,2 -> 1
2,49,2 -> 1
2,50,2 -> 1
2,51,2 -> 1
2,52,2 -> 1
2,53,2 -> 1
2,54,2 -> 1
2,55,2 -> 1
2,56,2 -> 1
2,57,2 -> 1
2,58,2 -> 1
2,59,2 -> 1
2,60,2 -> 1
2,61,2 -> 1
2,62,2 -> 1
2,63,2 -> 1
2,64,2 -> 1
2,65,2 -> 1
2,66,2 -> 1
2,67,2 -> 1
2,68,2 -> 1
2,69,2 -> 1
2,70,2 -> 1
2,71,2 -> 1
2,72,2 -> 1
2,73,2 -> 1
2,74,2 -> 1
2,75,2 -> 1
2,76,2 -> 1
2,77,2 -> 1
2,78,2 -> 1
2,79,2 -> 1
2,80,2 -> 1
2,81,2 -> 1
2,82,2 -> 1
2,83,2 -> 1
2,84,2 -> 1
2,85,2 -> 1
2,86,2 -> 1
2,87,2 -> 1
2,88,2 -> 1
2,89,2 -> 1
2,90,2 -> 1
2,91,2 -> 1
2,92,2 -> 1
2,93,2 -> 1
2,94,2 -> 1
2,95,2 -> 1
2,96,2 -> 1
2,97,2 -> 1
2,98,2 -> 1
2,99,2 -> 1
2,100,2 -> 1
2,101,2 -> 1
2,102,2 -> 1
2,103,2 -> 1
2,104,2 -> 1
2,105,2 -> 1
2,106,2 -> 1
2,107,2 -> 1
2,108,2 -> 1
2,109,2 -> 1
2,110,2 -> 1
2,111,2 -> 1
2,112,2 -> 1
2,113,2 -> 1
2,114,2 -> 1
2,115,2 -> 1
2,116,2 -> 1
2,117,2 -> 1
2,118,2 -> 1
2,119,2 -> 1
2,120,2 -> 1
2,121,2 -> 1
2,122,2 -> 1
2,123,2 -> 1
2,124,2 -> 1
2,125,2 -> 1
2,126,2 -> 1
2,127,2 -> 1
2,128,2 -> 1
2,129,2 -> 1
2,130,2 -> 1
2,131,2 -> 1
2,132,2 -> 1
2,133,2 -> 1
2,134,2 -> 1
2,135,2 -> 1
2,136,2 -> 1
2,137,2 -> 1
2,138,2 -> 1
2,139,2 -> 1
2,140,2 -> 1
2,141,2 -> 1
2,142,2 -> 1
2,143,2 -> 1
2,144,2 -> 1
2,145,2 -> 1
2,146,2 -> 1
2,147,2 -> 1
2,148,2 -> 1
2,149,2 -> 1
2,150,2 -> 1
2,151,2 -> 1
2,152,2 -> 1
2,153,2 -> 1
2,154,2 -> 1
2,155,2 -> 1
2,156,2 -> 1
2,157,2 -> 1
2,158,2 -> 1
2,159,2 -> 1
2,160,2 -> 1
2,161,2 -> 1
2,162,2 -> 1
2,163,2 -> 1
2,164,2 -> 1
2,165,2 -> 1
2,166,2 -> 1
2,167,2 -> 1
2,168,2 -> 1
2,169,2 -> 1
2,170,2 -> 1
2,171,2 -> 1
2,172,2 -> 1
2,173,2 -> 1
2,174,2 -> 1
2,175,2 -> 1
2,176,2 -> 1
2,177,2 -> 1
2,178,2 -> 1
2,179,2 -> 1
2,180,2 -> 1
2,181,2 -> 1
2,182,2 -> 1
2,183,2 -> 1
2,184,2 -> 1
2,185,2 -> 1
2,186,2 -> 1
2,187,2 -> 1
2,188,2 -> 1
2,189,2 -> 1
2,190,2 -> 1
2,191,2 -> 1
2,192,2 -> 1
2,193,2 -> 1
2,194,2 -> 1
2,195,2 -> 1
2,196,2 -> 1
2,197,2 -> 1
2,198,2 -> 1
2,199,2 -> 1
2,200,2 -> 1
2,201,2 -> 1
2,202,2 -> 1
2,203,2 -> 1
2,204,2 -> 1
2,205,2 -> 1
2,206,2 -> 1
2,207,2 -> 1
2,208,2 -> 1
2,209,2 -> 1
2,210,2 -> 1
2,211,2 -> 1
2,212,2 -> 1
2,213,2 -> 1
2,214,2 -> 1
2,215,2 -> 1
2,216,2 -> 1
2,217,2 -> 1
2,218,2 -> 1
2,219,2 -> 1
2,220,2 -> 1
2,221,2 -> 1
2,222,2 -> 1
2,223,2 -> 1
2,224,2 -> 1
2,225,2 -> 1
2,226,2 -> 1
2,227,2 -> 1
2,228,2 -> 1
2,229,2 -> 1
2,230,2 -> 1
2,231,2 -> 1
2,232,2 -> 1
2,233,2 -> 1
3,0,2 -> 1
3,1,2 -> 1
3,2,2 -> 1
3,3,2 -> 1
3,4,2 -> 1
3,5,2 -> 1
3,6,2 -> 1
3,7,2 -> 1
3,8,2 -> 1
3,9,2 -> 1
3,10,2 -> 1
3,11,2 -> 1
3,12,2 -> 1
3,13,2 -> 1
3,14,2 -> 1
3,15,2 -> 1
3,16,2 -> 1
3,17,2 -> 1
3,18,2 -> 1
3,19,2 -> 1
3,20,2 -> 1
3,21,2 -> 1
3,22,2 -> 1
3,23,2 -> 1
3,24,2 -> 1
3,25,2 -> 1
3,26,2 -> 1
3,27,2 -> 1
3,28,2 -> 1
3,29,2 -> 1
3,30,2 -> 1
3,31,2 -> 1
3,32,2 -> 1
3,33,2 -> 1
3,34,2 -> 1
3,35,2 -> 1
3,36,2 -> 1
3,37,2 -> 1
3,38,2 -> 1
3,39,2 -> 1
3,40,2 -> 1
3,41,2 -> 1
3,42,2 -> 1
3,43,2 -> 1
3,44,2 -> 1
3,45,2 -> 1
3,46,2 -> 1
3,47,2 -> 1
3,48,2 -> 1
3,49,2 -> 1
3,50,2 -> 1
3,51,2 -> 1
3,52,2 -> 1
3,53,2 -> 1
3,54,2 -> 1
3,55,2 -> 1
3,56,2 -> 1
3,57,2 -> 1
3,58,2 -> 1
3,59,2 -> 1
3,60,2 -> 1
3,61,2 -> 1
3,62,2 -> 1
3,63,2 -> 1
3,64,2 -> 1
3,65,2 -> 1
3,66,2 -> 1
3,67,2 -> 1
3,68,2 -> 1
3,69,2 -> 1
3,70,2 -> 1
3,71,2 -> 1
3,72,2 -> 1
3,73,2 -> 1
3,74,2 -> 1
3,75,2 -> 1
3,76,2 -> 1
3,77,2 -> 1
3,78,2 -> 1
3,79,2 -> 1
3,80,2 -> 1
3,81,2 -> 1
3,82,2 -> 1
3,83,2 -> 1
3,84,2 -> 1
3,85,2 -> 1
3,86,2 -> 1
3,87,2 -> 1
3,88,2 -> 1
3,89,2 -> 1
3,90,2 -> 1
3,91,2 -> 1
3,92,2 -> 1
3,93,2 -> 1
3,94,2 -> 1
3,95,2 -> 1
3,96,2 -> 1
3,97,2 -> 1
3,98,2 -> 1
3,99,2 -> 1
3,100,2 -> 1
3,101,2 -> 1
3,102,2 -> 1
3,103,2 -> 1
3,104,2 -> 1
3,105,2 -> 1
3,106,2 -> 1
3,107,2 -> 1
3,108,2 -> 1
3,109,2 -> 1
3,110,2 -> 1
3,111,2 -> 1
3,112,2 -> 1
3,113,2 -> 1
3,114,2 -> 1
3,115,2 -> 1
3,116,2 -> 1
3,117,2 -> 1
3,118,2 -> 1
3,119,2 -> 1
3,120,2 -> 1
3,121,2 -> 1
3,122,2 -> 1
3,123,2 -> 1
3,124,2 -> 1
3,125,2 -> 1
3,126,2 -> 1
3,127,2 -> 1
3,128,2 -> 1
3,129,2 -> 1
3,130,2 -> 1
3,131,2 -> 1
3,132,2 -> 1
3,133,2 -> 1
3,134,2 -> 1
3,135,2 -> 1
3,136,2 -> 1
3,137,2 -> 1
3,138,2 -> 1
3,139,2 -> 1
3,140,2 -> 1
3,141,2 -> 1
3,142,2 -> 1
3,143,2 -> 1
3,144,2 -> 1
3,145,2 -> 1
3,146,2 -> 1
3,147,2 -> 1
3,148,2 -> 1
3,149,2 -> 1
3,150,2 -> 1
3,151,2 -> 1
3,152,2 -> 1
3,153,2 -> 1
3,154,2 -> 1
3,155,2 -> 1
3,156,2 -> 1
3,157,2 -> 1
3,158,2 -> 1
3,159,2 -> 1
3,160,2 -> 1
3,161,2 -> 1
3,162,2 -> 1
3,163,2 -> 1
3,164,2 -> 1
3,165,2 -> 1
3,166,2 -> 1
3,167,2 -> 1
3,168,2 -> 1
3,169,2 -> 1
3,170,2 -> 1
3,171,2 -> 1
3,172,2 -> 1
3,173,2 -> 1
3,174,2 -> 1
3,175,2 -> 1
3,176,2 -> 1
3,177,2 -> 1
3,178,2 -> 1
3,179,2 -> 1
3,180,2 -> 1
3,181,2 -> 1
3,182,2 -> 1
3,183,2 -> 1
3,184,2 -> 1
3,185,2 -> 1
3,186,2 -> 1
3,187,2 -> 1
3,188,2 -> 1
3,189,2 -> 1
3,190,2 -> 1
3,191,2 -> 1
3,192,2 -> 1
3,193,2 -> 1
3,194,2 -> 1
3,195,2 -> 1
3,196,2 -> 1
3,197,2 -> 1
3,198,2 -> 1
3,199,2 -> 1
3,200,2 -> 1
3,201,2 -> 1
3,202,2 -> 1
3,203,2 -> 1
3,204,2 -> 1
3,205,2 -> 1
3,206,2 -> 1
3,207,2 -> 1
3,208,2 -> 1
3,209,2 -> 1
3,210,2 -> 1
3,211,2 -> 1
3,212,2 -> 1
3,213,2 -> 1
3,214,2 -> 1
3,215,2 -> 1
3,216,2 -> 1
3,217,2 -> 1
3,218,2 -> 1
3,219,2 -> 1
3,220,2 -> 1
3,221,2 -> 1
3,222,2 -> 1
3,223,2 -> 1
3,224,2 -> 1
3,225,2 -> 1
3,226,2 -> 1
3,227,2 -> 1
3,228,2 -> 1
3,229,2 -> 1
3,230,2 -> 1
3,231,2 -> 1
3,232,2 -> 1
3,233,2 -> 1
4,0,2 -> 1
4,1,2 -> 1
4,2,2 -> 1
4,3,2 -> 1
4,4,2 -> 1
4,5,2 -> 1
4,6,2 -> 1
4,7,2 -> 1
4,8,2 -> 1
4,9,2 -> 1
4,10,2 -> 1
4,11,2 -> 1
4,12,2 -> 1
4,13,2 -> 1
4,14,2 -> 1
4,15,2 -> 1
4,16,2 -> 1
4,17,2 -> 1
4,18,2 -> 1
4,19,2 -> 1
4,20,2 -> 1
4,21,2 -> 1
4,22,2 -> 1
4,23,2 -> 1
4,24,2 -> 1
4,25,2 -> 1
4,26,2 -> 1
4,27,2 -> 1
4,28,2 -> 1
4,29,2 -> 1
4,30,2 -> 1
4,31,2 -> 1
4,32,2 -> 1
4,33,2 -> 1
4,34,2 -> 1
4,35,2 -> 1
4,36,2 -> 1
4,37,2 -> 1
4,38,2 -> 1
4,39,2 -> 1
4,40,2 -> 1
4,41,2 -> 1
4,42,2 -> 1
4,43,2 -> 1
4,44,2 -> 1
4,45,2 -> 1
4,46,2 -> 1
4,47,2 -> 1
4,48,2 -> 1
4,49,2 -> 1
4,50,2 -> 1
4,51,2 -> 1
4,52,2 -> 1
4,53,2 -> 1
4,54,2 -> 1
4,55,2 -> 1
4,56,2 -> 1
4,57,2 -> 1
4,58,2 -> 1
4,59,2 -> 1
4,60,2 -> 1
4,61,2 -> 1
4,62,2 -> 1
4,63,2 -> 1
4,64,2 -> 1
4,65,2 -> 1
4,66,2 -> 1
4,67,2 -> 1
4,68,2 -> 1
4,69,2 -> 1
4,70,2 -> 1
4,71,2 -> 1
4,72,2 -> 1
4,73,2 -> 1
4,74,2 -> 1
4,75,2 -> 1
4,76,2 -> 1
4,77,2 -> 1
4,78,2 -> 1
4,79,2 -> 1
4,80,2 -> 1
4,81,2 -> 1
4,82,2 -> 1
4,83,2 -> 1
4,84,2 -> 1
4,85,2 -> 1
4,86,2 -> 1
4,87,2 -> 1
4,88,2 -> 1
4,89,2 -> 1
4,90,2 -> 1
4,91,2 -> 1
4,92,2 -> 1
4,93,2 -> 1
4,94,2 -> 1
4,95,2 -> 1
4,96,2 -> 1
4,97,2 -> 1
4,98,2 -> 1
4,99,2 -> 1
4,100,2 -> 1
4,101,2 -> 1
4,102,2 -> 1
4,103,2 -> 1
4,104,2 -> 1
4,105,2 -> 1
4,106,2 -> 1
4,107,2 -> 1
4,108,2 -> 1
4,109,2 -> 1
4,110,2 -> 1
4,111,2 -> 1
4,112,2 -> 1
4,113,2 -> 1
4,114,2 -> 1
4,115,2 -> 1
4,116,2 -> 1
4,117,2 -> 1
4,118,2 -> 1
4,119,2 -> 1
4,120,2 -> 1
4,121,2 -> 1
4,122,2 -> 1
4,123,2 -> 1
4,124,2 -> 1
4,125,2 -> 1
4,126,2 -> 1
4,127,2 -> 1
4,128,2 -> 1
4,129,2 -> 1
4,130,2 -> 1
4,131,2 -> 1
4,132,2 -> 1
4,133,2 -> 1
4,134,2 -> 1
4,135,2 -> 1
4,136,2 -> 1
4,137,2 -> 1
4,138,2 -> 1
4,139,2 -> 1
4,140,2 -> 1
4,141,2 -> 1
4,142,2 -> 1
4,143,2 -> 1
4,144,2 -> 1
4,145,2 -> 1
4,146,2 -> 1
4,147,2 -> 1
4,148,2 -> 1
4,149,2 -> 1
4,150,2 -> 1
4,151,2 -> 1
4,152,2 -> 1
4,153,2 -> 1
4,154,2 -> 1
4,155,2 -> 1
4,156,2 -> 1
4,157,2 -> 1
4,158,2 -> 1
4,159,2 -> 1
4,160,2 -> 1
4,161,2 -> 1
4,162,2 -> 1
4,163,2 -> 1
4,164,2 -> 1
4,165,2 -> 1
4,166,2 -> 1
4,167,2 -> 1
4,168,2 -> 1
4,169,2 -> 1
4,170,2 -> 1
4,171,2 -> 1
4,172,2 -> 1
4,173,2 -> 1
4,174,2 -> 1
4,175,2 -> 1
4,176,2 -> 1
4,177,2 -> 1
4,178,2 -> 1
4,179,2 -> 1
4,180,2 -> 1
4,181,2 -> 1
4,182,2 -> 1
4,183,2 -> 1
4,184,2 -> 1
4,185,2 -> 1
4,186,2 -> 1
4,187,2 -> 1
4,188,2 -> 1
4,189,2 -> 1
4,190,2 -> 1
4,191,2 -> 1
4,192,2 -> 1
4,193,2 -> 1
4,194,2 -> 1
4,195,2 -> 1
4,196,2 -> 1
4,197,2 -> 1
4,198,2 -> 1
4,199,2 -> 1
4,200,2 -> 1
4,201,2 -> 1
4,202,2 -> 1
4,203,2 -> 1
4,204,2 -> 1
4,205,2 -> 1
4,206,2 -> 1
4,207,2 -> 1
4,208,2 -> 1
4,209,2 -> 1
4,210,2 -> 1
4,211,2 -> 1
4,212,2 -> 1
4,213,2 -> 1
4,214,2 -> 1
4,215,2 -> 1
4,216,2 -> 1
4,217,2 -> 1
4,218,2 -> 1
4,219,2 -> 1
4,220,2 -> 1
4,221,2 -> 1
4,222,2 -> 1
4,223,2 -> 1
4,224,2 -> 1
4,225,2 -> 1
4,226,2 -> 1
4,227,2 -> 1
4,228,2 -> 1
4,229,2 -> 1
4,230,2 -> 1
4,231,2 -> 1
4,232,2 -> 1
4,233,2 -> 1
5,0,0 -> 0.75
5,0,1 -> 0.25
5,1,1 -> 0.75
5,1,0 -> 0.25
5,2,0 -> 0.75
5,2,1 -> 0.25
5,3,0 -> 0.75
5,3,1 -> 0.25
5,4,0 -> 0.75
5,4,1 -> 0.25
5,5,0 -> 0.75
5,5,1 -> 0.25
5,6,1 -> 0.75
5,6,0 -> 0.25
5,7,1 -> 0.75
5,7,0 -> 0.25
5,8,1 -> 0.75
5,8,0 -> 0.25
5,9,1 -> 0.75
5,9,0 -> 0.25
5,10,0 -> 0.75
5,10,1 -> 0.25
5,11,0 -> 0.75
5,11,1 -> 0.25
5,12,0 -> 0.75
5,12,1 -> 0.25
5,13,0 -> 0.75
5,13,1 -> 0.25
5,14,0 -> 0.75
5,14,1 -> 0.25
5,15,0 -> 0.75
5,15,1 -> 0.25
5,16,1 -> 0.75
5,16,0 -> 0.25
5,17,1 -> 0.75
5,17,0 -> 0.25
5,18,1 -> 0.75
5,18,0 -> 0.25
5,19,1 -> 0.75
5,19,0 -> 0.25
5,20,1 -> 0.75
5,20,0 -> 0.25
5,21,1 -> 0.75
5,21,0 -> 0.25
5,22,0 -> 0.75
5,22,1 -> 0.25
5,23,0 -> 0.75
5,23,1 -> 0.25
5,24,0 -> 0.75
5,24,1 -> 0.25
5,25,0 -> 0.75
5,25,1 -> 0.25
5,26,0 -> 1.0
5,26,1 -> 0.0
5,27,1 -> 1.0
5,27,0 -> 0.0
5,28,0 -> 1.0
5,28,1 -> 0.0
5,29,0 -> 1.0
5,29,1 -> 0.0
5,30,0 -> 1.0
5,30,1 -> 0.0
5,31,0 -> 1.0
5,31,1 -> 0.0
5,32,1 -> 1.0
5,32,0 -> 0.0
5,33,1 -> 1.0
5,33,0 -> 0.0
5,34,1 -> 1.0
5,34,0 -> 0.0
5,35,1 -> 1.0
5,35,0 -> 0.0
5,36,0 -> 1.0
5,36,1 -> 0.0
5,37,0 -> 1.0
5,37,1 -> 0.0
5,38,0 -> 1.0
5,38,1 -> 0.0
5,39,0 -> 1.0
5,39,1 -> 0.0
5,40,0 -> 1.0
5,40,1 -> 0.0
5,41,0 -> 1.0
5,41,1 -> 0.0
5,42,1 -> 1.0
5,42,0 -> 0.0
5,43,1 -> 1.0
5,43,0 -> 0.0
5,44,1 -> 1.0
5,44,0 -> 0.0
5,45,1 -> 1.0
5,45,0 -> 0.0
5,46,1 -> 1.0
5,46,0 -> 0.0
5,47,1 -> 1.0
5,47,0 -> 0.0
5,48,0 -> 1.0
5,48,1 -> 0.0
5,49,0 -> 1.0
5,49,1 -> 0.0
5,50,0 -> 1.0
5,50,1 -> 0.0
5,51,0 -> 1.0
5,51,1 -> 0.0
5,52,0 -> 0.75
5,52,1 -> 0.25
5,53,1 -> 0.75
5,53,0 -> 0.25
5,54,0 -> 0.75
5,54,1 -> 0.25
5,55,0 -> 0.75
5,55,1 -> 0.25
5,56,0 -> 0.75
5,56,1 -> 0.25
5,57,0 -> 0.75
5,57,1 -> 0.25
5,58,1 -> 0.75
5,58,0 -> 0.25
5,59,1 -> 0.75
5,59,0 -> 0.25
5,60,1 -> 0.75
5,60,0 -> 0.25
5,61,1 -> 0.75
5,61,0 -> 0.25
5,62,0 -> 0.75
5,62,1 -> 0.25
5,63,0 -> 0.75
5,63,1 -> 0.25
5,64,0 -> 0.75
5,64,1 -> 0.25
5,65,0 -> 0.75
5,65,1 -> 0.25
5,66,0 -> 0.75
5,66,1 -> 0.25
5,67,0 -> 0.75
5,67,1 -> 0.25
5,68,1 -> 0.75
5,68,0 -> 0.25
5,69,1 -> 0.75
5,69,0 -> 0.25
5,70,1 -> 0.75
5,70,0 -> 0.25
5,71,1 -> 0.75
5,71,0 -> 0.25
5,72,1 -> 0.75
5,72,0 -> 0.25
5,73,1 -> 0.75
5,73,0 -> 0.25
5,74,0 -> 0.75
5,74,1 -> 0.25
5,75,0 -> 0.75
5,75,1 -> 0.25
5,76,0 -> 0.75
5,76,1 -> 0.25
5,77,0 -> 0.75
5,77,1 -> 0.25
5,78,0 -> 0.687607
5,78,1 -> 0.312393
5,79,1 -> 0.687607
5,79,0 -> 0.312393
5,80,0 -> 0.687607
5,80,1 -> 0.312393
5,81,0 -> 0.687607
5,81,1 -> 0.312393
5,82,0 -> 0.687607
5,82,1 -> 0.312393
5,83,0 -> 0.687607
5,83,1 -> 0.312393
5,84,1 -> 0.687607
5,84,0 -> 0.312393
5,85,1 -> 0.687607
5,85,0 -> 0.312393
5,86,1 -> 0.687607
5,86,0 -> 0.312393
5,87,1 -> 0.687607
5,87,0 -> 0.312393
5,88,0 -> 0.687607
5,88,1 -> 0.312393
5,89,0 -> 0.687607
5,89,1 -> 0.312393
5,90,0 -> 0.687607
5,90,1 -> 0.312393
5,91,0 -> 0.687607
5,91,1 -> 0.312393
5,92,0 -> 0.687607
5,92,1 -> 0.312393
5,93,0 -> 0.687607
5,93,1 -> 0.312393
5,94,1 -> 0.687607
5,94,0 -> 0.312393
5,95,1 -> 0.687607
5,95,0 -> 0.312393
5,96,1 -> 0.687607
5,96,0 -> 0.312393
5,97,1 -> 0.687607
5,97,0 -> 0.312393
5,98,1 -> 0.687607
5,98,0 -> 0.312393
5,99,1 -> 0.687607
5,99,0 -> 0.312393
5,100,0 -> 0.687607
5,100,1 -> 0.312393
5,101,0 -> 0.687607
5,101,1 -> 0.312393
5,102,0 -> 0.687607
5,102,1 -> 0.312393
5,103,0 -> 0.687607
5,103,1 -> 0.312393
5,104,0 -> 0.75
5,104,1 -> 0.25
5,105,1 -> 0.75
5,105,0 -> 0.25
5,106,0 -> 0.75
5,106,1 -> 0.25
5,107,0 -> 0.75
5,107,1 -> 0.25
5,108,0 -> 0.75
5,108,1 -> 0.25
5,109,0 -> 0.75
5,109,1 -> 0.25
5,110,1 -> 0.75
5,110,0 -> 0.25
5,111,1 -> 0.75
5,111,0 -> 0.25
5,112,1 -> 0.75
5,112,0 -> 0.25
5,113,1 -> 0.75
5,113,0 -> 0.25
5,114,0 -> 0.75
5,114,1 -> 0.25
5,115,0 -> 0.75
5,115,1 -> 0.25
5,116,0 -> 0.75
5,116,1 -> 0.25
5,117,0 -> 0.75
5,117,1 -> 0.25
5,118,0 -> 0.75
5,118,1 -> 0.25
5,119,0 -> 0.75
5,119,1 -> 0.25
5,120,1 -> 0.75
5,120,0 -> 0.25
5,121,1 -> 0.75
5,121,0 -> 0.25
5,122,1 -> 0.75
5,122,0 -> 0.25
5,123,1 -> 0.75
5,123,0 -> 0.25
5,124,1 -> 0.75
5,124,0 -> 0.25
5,125,1 -> 0.75
5,125,0 -> 0.25
5,126,0 -> 0.75
5,126,1 -> 0.25
5,127,0 -> 0.75
5,127,1 -> 0.25
5,128,0 -> 0.75
5,128,1 -> 0.25
5,129,0 -> 0.75
5,129,1 -> 0.25
5,130,0 -> 0.687607
5,130,1 -> 0.312393
5,131,1 -> 0.687607
5,131,0 -> 0.312393
5,132,0 -> 0.687607
5,132,1 -> 0.312393
5,133,0 -> 0.687607
5,133,1 -> 0.312393
5,134,0 -> 0.687607
5,134,1 -> 0.312393
5,135,0 -> 0.687607
5,135,1 -> 0.312393
5,136,1 -> 0.687607
5,136,0 -> 0.312393
5,137,1 -> 0.687607
5,137,0 -> 0.312393
5,138,1 -> 0.687607
5,138,0 -> 0.312393
5,139,1 -> 0.687607
5,139,0 -> 0.312393
5,140,0 -> 0.687607
5,140,1 -> 0.312393
5,141,0 -> 0.687607
5,141,1 -> 0.312393
5,142,0 -> 0.687607
5,142,1 -> 0.312393
5,143,0 -> 0.687607
5,143,1 -> 0.312393
5,144,0 -> 0.687607
5,144,1 -> 0.312393
5,145,0 -> 0.687607
5,145,1 -> 0.312393
5,146,1 -> 0.687607
5,146,0 -> 0.312393
5,147,1 -> 0.687607
5,147,0 -> 0.312393
5,148,1 -> 0.687607
5,148,0 -> 0.312393
5,149,1 -> 0.687607
5,149,0 -> 0.312393
5,150,1 -> 0.687607
5,150,0 -> 0.312393
5,151,1 -> 0.687607
5,151,0 -> 0.312393
5,152,0 -> 0.687607
5,152,1 -> 0.312393
5,153,0 -> 0.687607
5,153,1 -> 0.312393
5,154,0 -> 0.687607
5,154,1 -> 0.312393
5,155,0 -> 0.687607
5,155,1 -> 0.312393
5,156,0 -> 0.606132
5,156,1 -> 0.393868
5,157,1 -> 0.606132
5,157,0 -> 0.393868
5,158,0 -> 0.606132
5,158,1 -> 0.393868
5,159,0 -> 0.606132
5,159,1 -> 0.393868
5,160,0 -> 0.606132
5,160,1 -> 0.393868
5,161,0 -> 0.606132
5,161,1 -> 0.393868
5,162,1 -> 0.606132
5,162,0 -> 0.393868
5,163,1 -> 0.606132
5,163,0 -> 0.393868
5,164,1 -> 0.606132
5,164,0 -> 0.393868
5,165,1 -> 0.606132
5,165,0 -> 0.393868
5,166,0 -> 0.606132
5,166,1 -> 0.393868
5,167,0 -> 0.606132
5,167,1 -> 0.393868
5,168,0 -> 0.606132
5,168,1 -> 0.393868
5,169,0 -> 0.606132
5,169,1 -> 0.393868
5,170,0 -> 0.606132
5,170,1 -> 0.393868
5,171,0 -> 0.606132
5,171,1 -> 0.393868
5,172,1 -> 0.606132
5,172,0 -> 0.393868
5,173,1 -> 0.606132
5,173,0 -> 0.393868
5,174,1 -> 0.606132
5,174,0 -> 0.393868
5,175,1 -> 0.606132
5,175,0 -> 0.393868
5,176,1 -> 0.606132
5,176,0 -> 0.393868
5,177,1 -> 0.606132
5,177,0 -> 0.393868
5,178,0 -> 0.606132
5,178,1 -> 0.393868
5,179,0 -> 0.606132
5,179,1 -> 0.393868
5,180,0 -> 0.606132
5,180,1 -> 0.393868
5,181,0 -> 0.606132
5,181,1 -> 0.393868
5,182,0 -> 0.625
5,182,1 -> 0.375
5,183,1 -> 0.625
5,183,0 -> 0.375
5,184,0 -> 0.625
5,184,1 -> 0.375
5,185,0 -> 0.625
5,185,1 -> 0.375
5,186,0 -> 0.625
5,186,1 -> 0.375
5,187,0 -> 0.625
5,187,1 -> 0.375
5,188,1 -> 0.625
5,188,0 -> 0.375
5,189,1 -> 0.625
5,189,0 -> 0.375
5,190,1 -> 0.625
5,190,0 -> 0.375
5,191,1 -> 0.625
5,191,0 -> 0.375
5,192,0 -> 0.625
5,192,1 -> 0.375
5,193,0 -> 0.625
5,193,1 -> 0.375
5,194,0 -> 0.625
5,194,1 -> 0.375
5,195,0 -> 0.625
5,195,1 -> 0.375
5,196,0 -> 0.625
5,196,1 -> 0.375
5,197,0 -> 0.625
5,197,1 -> 0.375
5,198,1 -> 0.625
5,198,0 -> 0.375
5,199,1 -> 0.625
5,199,0 -> 0.375
5,200,1 -> 0.625
5,200,0 -> 0.375
5,201,1 -> 0.625
5,201,0 -> 0.375
5,202,1 -> 0.625
5,202,0 -> 0.375
5,203,1 -> 0.625
5,203,0 -> 0.375
5,204,0 -> 0.625
5,204,1 -> 0.375
5,205,0 -> 0.625
5,205,1 -> 0.375
5,206,0 -> 0.625
5,206,1 -> 0.375
5,207,0 -> 0.625
5,207,1 -> 0.375
5,208,0 -> 0.606132
5,208,1 -> 0.393868
5,209,1 -> 0.606132
5,209,0 -> 0.393868
5,210,0 -> 0.606132
5,210,1 -> 0.393868
5,211,0 -> 0.606132
5,211,1 -> 0.393868
5,212,0 -> 0.606132
5,212,1 -> 0.393868
5,213,0 -> 0.606132
5,213,1 -> 0.393868
5,214,1 -> 0.606132
5,214,0 -> 0.393868
5,215,1 -> 0.606132
5,215,0 -> 0.393868
5,216,1 -> 0.606132
5,216,0 -> 0.393868
5,217,1 -> 0.606132
5,217,0 -> 0.393868
5,218,0 -> 0.606132
5,218,1 -> 0.393868
5,219,0 -> 0.606132
5,219,1 -> 0.393868
5,220,0 -> 0.606132
5,220,1 -> 0.393868
5,221,0 -> 0.606132
5,221,1 -> 0.393868
5,222,0 -> 0.606132
5,222,1 -> 0.393868
5,223,0 -> 0.606132
5,223,1 -> 0.393868
5,224,1 -> 0.606132
5,224,0 -> 0.393868
5,225,1 -> 0.606132
5,225,0 -> 0.393868
5,226,1 -> 0.606132
5,226,0 -> 0.393868
5,227,1 -> 0.606132
5,227,0 -> 0.393868
5,228,1 -> 0.606132
5,228,0 -> 0.393868
5,229,1 -> 0.606132
5,229,0 -> 0.393868
5,230,0 -> 0.606132
5,230,1 -> 0.393868
5,231,0 -> 0.606132
5,231,1 -> 0.393868
5,232,0 -> 0.606132
5,232,1 -> 0.393868
5,233,0 -> 0.606132
5,233,1 -> 0.393868
6,0,0 -> 0.75
6,0,1 -> 0.25
6,1,0 -> 0.75
6,1,1 -> 0.25
6,2,1 -> 0.75
6,2,0 -> 0.25
6,3,0 -> 0.75
6,3,1 -> 0.25
6,4,0 -> 0.75
6,4,1 -> 0.25
6,5,0 -> 0.75
6,5,1 -> 0.25
6,6,1 -> 0.75
6,6,0 -> 0.25
6,7,0 -> 0.75
6,7,1 -> 0.25
6,8,0 -> 0.75
6,8,1 -> 0.25
6,9,0 -> 0.75
6,9,1 -> 0.25
6,10,1 -> 0.75
6,10,0 -> 0.25
6,11,1 -> 0.75
6,11,0 -> 0.25
6,12,1 -> 0.75
6,12,0 -> 0.25
6,13,0 -> 0.75
6,13,1 -> 0.25
6,14,0 -> 0.75
6,14,1 -> 0.25
6,15,0 -> 0.75
6,15,1 -> 0.25
6,16,1 -> 0.75
6,16,0 -> 0.25
6,17,1 -> 0.75
6,17,0 -> 0.25
6,18,1 -> 0.75
6,18,0 -> 0.25
6,19,0 -> 0.75
6,19,1 -> 0.25
6,20,0 -> 0.75
6,20,1 -> 0.25
6,21,0 -> 0.75
6,21,1 -> 0.25
6,22,1 -> 0.75
6,22,0 -> 0.25
6,23,1 -> 0.75
6,23,0 -> 0.25
6,24,1 -> 0.75
6,24,0 -> 0.25
6,25,0 -> 0.75
6,25,1 -> 0.25
6,26,0 -> 0.687607
6,26,1 -> 0.312393
6,27,0 -> 0.687607
6,27,1 -> 0.312393
6,28,1 -> 0.687607
6,28,0 -> 0.312393
6,29,0 -> 0.687607
6,29,1 -> 0.312393
6,30,0 -> 0.687607
6,30,1 -> 0.312393
6,31,0 -> 0.687607
6,31,1 -> 0.312393
6,32,1 -> 0.687607
6,32,0 -> 0.312393
6,33,0 -> 0.687607
6,33,1 -> 0.312393
6,34,0 -> 0.687607
6,34,1 -> 0.312393
6,35,0 -> 0.687607
6,35,1 -> 0.312393
6,36,1 -> 0.687607
6,36,0 -> 0.312393
6,37,1 -> 0.687607
6,37,0 -> 0.312393
6,38,1 -> 0.687607
6,38,0 -> 0.312393
6,39,0 -> 0.687607
6,39,1 -> 0.312393
6,40,0 -> 0.687607
6,40,1 -> 0.312393
6,41,0 -> 0.687607
6,41,1 -> 0.312393
6,42,1 -> 0.687607
6,42,0 -> 0.312393
6,43,1 -> 0.687607
6,43,0 -> 0.312393
6,44,1 -> 0.687607
6,44,0 -> 0.312393
6,45,0 -> 0.687607
6,45,1 -> 0.312393
6,46,0 -> 0.687607
6,46,1 -> 0.312393
6,47,0 -> 0.687607
6,47,1 -> 0.312393
6,48,1 -> 0.687607
6,48,0 -> 0.312393
6,49,1 -> 0.687607
6,49,0 -> 0.312393
6,50,1 -> 0.687607
6,50,0 -> 0.312393
6,51,0 -> 0.687607
6,51,1 -> 0.312393
6,52,0 -> 0.606132
6,52,1 -> 0.393868
6,53,0 -> 0.606132
6,53,1 -> 0.393868
6,54,1 -> 0.606132
6,54,0 -> 0.393868
6,55,0 -> 0.606132
6,55,1 -> 0.393868
6,56,0 -> 0.606132
6,56,1 -> 0.393868
6,57,0 -> 0.606132
6,57,1 -> 0.393868
6,58,1 -> 0.606132
6,58,0 -> 0.393868
6,59,0 -> 0.606132
6,59,1 -> 0.393868
6,60,0 -> 0.606132
6,60,1 -> 0.393868
6,61,0 -> 0.606132
6,61,1 -> 0.393868
6,62,1 -> 0.606132
6,62,0 -> 0.393868
6,63,1 -> 0.606132
6,63,0 -> 0.393868
6,64,1 -> 0.606132
6,64,0 -> 0.393868
6,65,0 -> 0.606132
6,65,1 -> 0.393868
6,66,0 -> 0.606132
6,66,1 -> 0.393868
6,67,0 -> 0.606132
6,67,1 -> 0.393868
6,68,1 -> 0.606132
6,68,0 -> 0.393868
6,69,1 -> 0.606132
6,69,0 -> 0.393868
6,70,1 -> 0.606132
6,70,0 -> 0.393868
6,71,0 -> 0.606132
6,71,1 -> 0.393868
6,72,0 -> 0.606132
6,72,1 -> 0.393868
6,73,0 -> 0.606132
6,73,1 -> 0.393868
6,74,1 -> 0.606132
6,74,0 -> 0.393868
6,75,1 -> 0.606132
6,75,0 -> 0.393868
6,76,1 -> 0.606132
6,76,0 -> 0.393868
6,77,0 -> 0.606132
6,77,1 -> 0.393868
6,78,0 -> 1.0
6,78,1 -> 0.0
6,79,0 -> 1.0
6,79,1 -> 0.0
6,80,1 -> 1.0
6,80,0 -> 0.0
6,81,0 -> 1.0
6,81,1 -> 0.0
6,82,0 -> 1.0
6,82,1 -> 0.0
6,83,0 -> 1.0
6,83,1 -> 0.0
6,84,1 -> 1.0
6,84,0 -> 0.0
6,85,0 -> 1.0
6,85,1 -> 0.0
6,86,0 -> 1.0
6,86,1 -> 0.0
6,87,0 -> 1.0
6,87,1 -> 0.0
6,88,1 -> 1.0
6,88,0 -> 0.0
6,89,1 -> 1.0
6,89,0 -> 0.0
6,90,1 -> 1.0
6,90,0 -> 0.0
6,91,0 -> 1.0
6,91,1 -> 0.0
6,92,0 -> 1.0
6,92,1 -> 0.0
6,93,0 -> 1.0
6,93,1 -> 0.0
6,94,1 -> 1.0
6,94,0 -> 0.0
6,95,1 -> 1.0
6,95,0 -> 0.0
6,96,1 -> 1.0
6,96,0 -> 0.0
6,97,0 -> 1.0
6,97,1 -> 0.0
6,98,0 -> 1.0
6,98,1 -> 0.0
6,99,0 -> 1.0
6,99,1 -> 0.0
6,100,1 -> 1.0
6,100,0 -> 0.0
6,101,1 -> 1.0
6,101,0 -> 0.0
6,102,1 -> 1.0
6,102,0 -> 0.0
6,103,0 -> 1.0
6,103,1 -> 0.0
6,104,0 -> 0.75
6,104,1 -> 0.25
6,105,0 -> 0.75
6,105,1 -> 0.25
6,106,1 -> 0.75
6,106,0 -> 0.25
6,107,0 -> 0.75
6,107,1 -> 0.25
6,108,0 -> 0.75
6,108,1 -> 0.25
6,109,0 -> 0.75
6,109,1 -> 0.25
6,110,1 -> 0.75
6,110,0 -> 0.25
6,111,0 -> 0.75
6,111,1 -> 0.25
6,112,0 -> 0.75
6,112,1 -> 0.25
6,113,0 -> 0.75
6,113,1 -> 0.25
6,114,1 -> 0.75
6,114,0 -> 0.25
6,115,1 -> 0.75
6,115,0 -> 0.25
6,116,1 -> 0.75
6,116,0 -> 0.25
6,117,0 -> 0.75
6,117,1 -> 0.25
6,118,0 -> 0.75
6,118,1 -> 0.25
6,119,0 -> 0.75
6,119,1 -> 0.25
6,120,1 -> 0.75
6,120,0 -> 0.25
6,121,1 -> 0.75
6,121,0 -> 0.25
6,122,1 -> 0.75
6,122,0 -> 0.25
6,123,0 -> 0.75
6,123,1 -> 0.25
6,124,0 -> 0.75
6,124,1 -> 0.25
6,125,0 -> 0.75
6,125,1 -> 0.25
6,126,1 -> 0.75
6,126,0 -> 0.25
6,127,1 -> 0.75
6,127,0 -> 0.25
6,128,1 -> 0.75
6,128,0 -> 0.25
6,129,0 -> 0.75
6,129,1 -> 0.25
6,130,0 -> 0.625
6,130,1 -> 0.375
6,131,0 -> 0.625
6,131,1 -> 0.375
6,132,1 -> 0.625
6,132,0 -> 0.375
6,133,0 -> 0.625
6,133,1 -> 0.375
6,134,0 -> 0.625
6,134,1 -> 0.375
6,135,0 -> 0.625
6,135,1 -> 0.375
6,136,1 -> 0.625
6,136,0 -> 0.375
6,137,0 -> 0.625
6,137,1 -> 0.375
6,138,0 -> 0.625
6,138,1 -> 0.375
6,139,0 -> 0.625
6,139,1 -> 0.375
6,140,1 -> 0.625
6,140,0 -> 0.375
6,141,1 -> 0.625
6,141,0 -> 0.375
6,142,1 -> 0.625
6,142,0 -> 0.375
6,143,0 -> 0.625
6,143,1 -> 0.375
6,144,0 -> 0.625
6,144,1 -> 0.375
6,145,0 -> 0.625
6,145,1 -> 0.375
6,146,1 -> 0.625
6,146,0 -> 0.375
6,147,1 -> 0.625
6,147,0 -> 0.375
6,148,1 -> 0.625
6,148,0 -> 0.375
6,149,0 -> 0.625
6,149,1 -> 0.375
6,150,0 -> 0.625
6,150,1 -> 0.375
6,151,0 -> 0.625
6,151,1 -> 0.375
6,152,1 -> 0.625
6,152,0 -> 0.375
6,153,1 -> 0.625
6,153,0 -> 0.375
6,154,1 -> 0.625
6,154,0 -> 0.375
6,155,0 -> 0.625
6,155,1 -> 0.375
6,156,0 -> 0.75
6,156,1 -> 0.25
6,157,0 -> 0.75
6,157,1 -> 0.25
6,158,1 -> 0.75
6,158,0 -> 0.25
6,159,0 -> 0.75
6,159,1 -> 0.25
6,160,0 -> 0.75
6,160,1 -> 0.25
6,161,0 -> 0.75
6,161,1 -> 0.25
6,162,1 -> 0.75
6,162,0 -> 0.25
6,163,0 -> 0.75
6,163,1 -> 0.25
6,164,0 -> 0.75
6,164,1 -> 0.25
6,165,0 -> 0.75
6,165,1 -> 0.25
6,166,1 -> 0.75
6,166,0 -> 0.25
6,167,1 -> 0.75
6,167,0 -> 0.25
6,168,1 -> 0.75
6,168,0 -> 0.25
6,169,0 -> 0.75
6,169,1 -> 0.25
6,170,0 -> 0.75
6,170,1 -> 0.25
6,171,0 -> 0.75
6,171,1 -> 0.25
6,172,1 -> 0.75
6,172,0 -> 0.25
6,173,1 -> 0.75
6,173,0 -> 0.25
6,174,1 -> 0.75
6,174,0 -> 0.25
6,175,0 -> 0.75
6,175,1 -> 0.25
6,176,0 -> 0.75
6,176,1 -> 0.25
6,177,0 -> 0.75
6,177,1 -> 0.25
6,178,1 -> 0.75
6,178,0 -> 0.25
6,179,1 -> 0.75
6,179,0 -> 0.25
6,180,1 -> 0.75
6,180,0 -> 0.25
6,181,0 -> 0.75
6,181,1 -> 0.25
6,182,0 -> 0.687607
6,182,1 -> 0.312393
6,183,0 -> 0.687607
6,183,1 -> 0.312393
6,184,1 -> 0.687607
6,184,0 -> 0.312393
6,185,0 -> 0.687607
6,185,1 -> 0.312393
6,186,0 -> 0.687607
6,186,1 -> 0.312393
6,187,0 -> 0.687607
6,187,1 -> 0.312393
6,188,1 -> 0.687607
6,188,0 -> 0.312393
6,189,0 -> 0.687607
6,189,1 -> 0.312393
6,190,0 -> 0.687607
6,190,1 -> 0.312393
6,191,0 -> 0.687607
6,191,1 -> 0.312393
6,192,1 -> 0.687607
6,192,0 -> 0.312393
6,193,1 -> 0.687607
6,193,0 -> 0.312393
6,194,1 -> 0.687607
6,194,0 -> 0.312393
6,195,0 -> 0.687607
6,195,1 -> 0.312393
6,196,0 -> 0.687607
6,196,1 -> 0.312393
6,197,0 -> 0.687607
6,197,1 -> 0.312393
6,198,1 -> 0.687607
6,198,0 -> 0.312393
6,199,1 -> 0.687607
6,199,0 -> 0.312393
6,200,1 -> 0.687607
6,200,0 -> 0.312393
6,201,0 -> 0.687607
6,201,1 -> 0.312393
6,202,0 -> 0.687607
6,202,1 -> 0.312393
6,203,0 -> 0.687607
6,203,1 -> 0.312393
6,204,1 -> 0.687607
6,204,0 -> 0.312393
6,205,1 -> 0.687607
6,205,0 -> 0.312393
6,206,1 -> 0.687607
6,206,0 -> 0.312393
6,207,0 -> 0.687607
6,207,1 -> 0.312393
6,208,0 -> 0.606132
6,208,1 -> 0.393868
6,209,0 -> 0.606132
6,209,1 -> 0.393868
6,210,1 -> 0.606132
6,210,0 -> 0.393868
6,211,0 -> 0.606132
6,211,1 -> 0.393868
6,212,0 -> 0.606132
6,212,1 -> 0.393868
6,213,0 -> 0.606132
6,213,1 -> 0.393868
6,214,1 -> 0.606132
6,214,0 -> 0.393868
6,215,0 -> 0.606132
6,215,1 -> 0.393868
6,216,0 -> 0.606132
6,216,1 -> 0.393868
6,217,0 -> 0.606132
6,217,1 -> 0.393868
6,218,1 -> 0.606132
6,218,0 -> 0.393868
6,219,1 -> 0.606132
6,219,0 -> 0.393868
6,220,1 -> 0.606132
6,220,0 -> 0.393868
6,221,0 -> 0.606132
6,221,1 -> 0.393868
6,222,0 -> 0.606132
6,222,1 -> 0.393868
6,223,0 -> 0.606132
6,223,1 -> 0.393868
6,224,1 -> 0.606132
6,224,0 -> 0.393868
6,225,1 -> 0.606132
6,225,0 -> 0.393868
6,226,1 -> 0.606132
6,226,0 -> 0.393868
6,227,0 -> 0.606132
6,227,1 -> 0.393868
6,228,0 -> 0.606132
6,228,1 -> 0.393868
6,229,0 -> 0.606132
6,229,1 -> 0.393868
6,230,1 -> 0.606132
6,230,0 -> 0.393868
6,231,1 -> 0.606132
6,231,0 -> 0.393868
6,232,1 -> 0.606132
6,232,0 -> 0.393868
6,233,0 -> 0.606132
6,233,1 -> 0.393868
7,0,0 -> 0.625
7,0,1 -> 0.375
7,1,0 -> 0.625
7,1,1 -> 0.375
7,2,0 -> 0.625
7,2,1 -> 0.375
7,3,1 -> 0.625
7,3,0 -> 0.375
7,4,0 -> 0.625
7,4,1 -> 0.375
7,5,0 -> 0.625
7,5,1 -> 0.375
7,6,0 -> 0.625
7,6,1 -> 0.375
7,7,1 -> 0.625
7,7,0 -> 0.375
7,8,0 -> 0.625
7,8,1 -> 0.375
7,9,0 -> 0.625
7,9,1 -> 0.375
7,10,1 -> 0.625
7,10,0 -> 0.375
7,11,0 -> 0.625
7,11,1 -> 0.375
7,12,0 -> 0.625
7,12,1 -> 0.375
7,13,1 -> 0.625
7,13,0 -> 0.375
7,14,1 -> 0.625
7,14,0 -> 0.375
7,15,0 -> 0.625
7,15,1 -> 0.375
7,16,1 -> 0.625
7,16,0 -> 0.375
7,17,0 -> 0.625
7,17,1 -> 0.375
7,18,0 -> 0.625
7,18,1 -> 0.375
7,19,1 -> 0.625
7,19,0 -> 0.375
7,20,1 -> 0.625
7,20,0 -> 0.375
7,21,0 -> 0.625
7,21,1 -> 0.375
7,22,1 -> 0.625
7,22,0 -> 0.375
7,23,1 -> 0.625
7,23,0 -> 0.375
7,24,0 -> 0.625
7,24,1 -> 0.375
7,25,1 -> 0.625
7,25,0 -> 0.375
7,26,0 -> 0.75
7,26,1 -> 0.25
7,27,0 -> 0.75
7,27,1 -> 0.25
7,28,0 -> 0.75
7,28,1 -> 0.25
7,29,1 -> 0.75
7,29,0 -> 0.25
7,30,0 -> 0.75
7,30,1 -> 0.25
7,31,0 -> 0.75
7,31,1 -> 0.25
7,32,0 -> 0.75
7,32,1 -> 0.25
7,33,1 -> 0.75
7,33,0 -> 0.25
7,34,0 -> 0.75
7,34,1 -> 0.25
7,35,0 -> 0.75
7,35,1 -> 0.25
7,36,1 -> 0.75
7,36,0 -> 0.25
7,37,0 -> 0.75
7,37,1 -> 0.25
7,38,0 -> 0.75
7,38,1 -> 0.25
7,39,1 -> 0.75
7,39,0 -> 0.25
7,40,1 -> 0.75
7,40,0 -> 0.25
7,41,0 -> 0.75
7,41,1 -> 0.25
7,42,1 -> 0.75
7,42,0 -> 0.25
7,43,0 -> 0.75
7,43,1 -> 0.25
7,44,0 -> 0.75
7,44,1 -> 0.25
7,45,1 -> 0.75
7,45,0 -> 0.25
7,46,1 -> 0.75
7,46,0 -> 0.25
7,47,0 -> 0.75
7,47,1 -> 0.25
7,48,1 -> 0.75
7,48,0 -> 0.25
7,49,1 -> 0.75
7,49,0 -> 0.25
7,50,0 -> 0.75
7,50,1 -> 0.25
7,51,1 -> 0.75
7,51,0 -> 0.25
7,52,0 -> 1.0
7,52,1 -> 0.0
7,53,0 -> 1.0
7,53,1 -> 0.0
7,54,0 -> 1.0
7,54,1 -> 0.0
7,55,1 -> 1.0
7,55,0 -> 0.0
7,56,0 -> 1.0
7,56,1 -> 0.0
7,57,0 -> 1.0
7,57,1 -> 0.0
7,58,0 -> 1.0
7,58,1 -> 0.0
7,59,1 -> 1.0
7,59,0 -> 0.0
7,60,0 -> 1.0
7,60,1 -> 0.0
7,61,0 -> 1.0
7,61,1 -> 0.0
7,62,1 -> 1.0
7,62,0 -> 0.0
7,63,0 -> 1.0
7,63,1 -> 0.0
7,64,0 -> 1.0
7,64,1 -> 0.0
7,65,1 -> 1.0
7,65,0 -> 0.0
7,66,1 -> 1.0
7,66,0 -> 0.0
7,67,0 -> 1.0
7,67,1 -> 0.0
7,68,1 -> 1.0
7,68,0 -> 0.0
7,69,0 -> 1.0
7,69,1 -> 0.0
7,70,0 -> 1.0
7,70,1 -> 0.0
7,71,1 -> 1.0
7,71,0 -> 0.0
7,72,1 -> 1.0
7,72,0 -> 0.0
7,73,0 -> 1.0
7,73,1 -> 0.0
7,74,1 -> 1.0
7,74,0 -> 0.0
7,75,1 -> 1.0
7,75,0 -> 0.0
7,76,0 -> 1.0
7,76,1 -> 0.0
7,77,1 -> 1.0
7,77,0 -> 0.0
7,78,0 -> 0.606132
7,78,1 -> 0.393868
7,79,0 -> 0.606132
7,79,1 -> 0.393868
7,80,0 -> 0.606132
7,80,1 -> 0.393868
7,81,1 -> 0.606132
7,81,0 -> 0.393868
7,82,0 -> 0.606132
7,82,1 -> 0.393868
7,83,0 -> 0.606132
7,83,1 -> 0.393868
7,84,0 -> 0.606132
7,84,1 -> 0.393868
7,85,1 -> 0.606132
7,85,0 -> 0.393868
7,86,0 -> 0.606132
7,86,1 -> 0.393868
7,87,0 -> 0.606132
7,87,1 -> 0.393868
7,88,1 -> 0.606132
7,88,0 -> 0.393868
7,89,0 -> 0.606132
7,89,1 -> 0.393868
7,90,0 -> 0.606132
7,90,1 -> 0.393868
7,91,1 -> 0.606132
7,91,0 -> 0.393868
7,92,1 -> 0.606132
7,92,0 -> 0.393868
7,93,0 -> 0.606132
7,93,1 -> 0.393868
7,94,1 -> 0.606132
7,94,0 -> 0.393868
7,95,0 -> 0.606132
7,95,1 -> 0.393868
7,96,0 -> 0.606132
7,96,1 -> 0.393868
7,97,1 -> 0.606132
7,97,0 -> 0.393868
7,98,1 -> 0.606132
7,98,0 -> 0.393868
7,99,0 -> 0.606132
7,99,1 -> 0.393868
7,100,1 -> 0.606132
7,100,0 -> 0.393868
7,101,1 -> 0.606132
7,101,0 -> 0.393868
7,102,0 -> 0.606132
7,102,1 -> 0.393868
7,103,1 -> 0.606132
7,103,0 -> 0.393868
7,104,0 -> 0.687607
7,104,1 -> 0.312393
7,105,0 -> 0.687607
7,105,1 -> 0.312393
7,106,0 -> 0.687607
7,106,1 -> 0.312393
7,107,1 -> 0.687607
7,107,0 -> 0.312393
7,108,0 -> 0.687607
7,108,1 -> 0.312393
7,109,0 -> 0.687607
7,109,1 -> 0.312393
7,110,0 -> 0.687607
7,110,1 -> 0.312393
7,111,1 -> 0.687607
7,111,0 -> 0.312393
7,112,0 -> 0.687607
7,112,1 -> 0.312393
7,113,0 -> 0.687607
7,113,1 -> 0.312393
7,114,1 -> 0.687607
7,114,0 -> 0.312393
7,115,0 -> 0.687607
7,115,1 -> 0.312393
7,116,0 -> 0.687607
7,116,1 -> 0.312393
7,117,1 -> 0.687607
7,117,0 -> 0.312393
7,118,1 -> 0.687607
7,118,0 -> 0.312393
7,119,0 -> 0.687607
7,119,1 -> 0.312393
7,120,1 -> 0.687607
7,120,0 -> 0.312393
7,121,0 -> 0.687607
7,121,1 -> 0.312393
7,122,0 -> 0.687607
7,122,1 -> 0.312393
7,123,1 -> 0.687607
7,123,0 -> 0.312393
7,124,1 -> 0.687607
7,124,0 -> 0.312393
7,125,0 -> 0.687607
7,125,1 -> 0.312393
7,126,1 -> 0.687607
7,126,0 -> 0.312393
7,127,1 -> 0.687607
7,127,0 -> 0.312393
7,128,0 -> 0.687607
7,128,1 -> 0.312393
7,129,1 -> 0.687607
7,129,0 -> 0.312393
7,130,0 -> 0.75
7,130,1 -> 0.25
7,131,0 -> 0.75
7,131,1 -> 0.25
7,132,0 -> 0.75
7,132,1 -> 0.25
7,133,1 -> 0.75
7,133,0 -> 0.25
7,134,0 -> 0.75
7,134,1 -> 0.25
7,135,0 -> 0.75
7,135,1 -> 0.25
7,136,0 -> 0.75
7,136,1 -> 0.25
7,137,1 -> 0.75
7,137,0 -> 0.25
7,138,0 -> 0.75
7,138,1 -> 0.25
7,139,0 -> 0.75
7,139,1 -> 0.25
7,140,1 -> 0.75
7,140,0 -> 0.25
7,141,0 -> 0.75
7,141,1 -> 0.25
7,142,0 -> 0.75
7,142,1 -> 0.25
7,143,1 -> 0.75
7,143,0 -> 0.25
7,144,1 -> 0.75
7,144,0 -> 0.25
7,145,0 -> 0.75
7,145,1 -> 0.25
7,146,1 -> 0.75
7,146,0 -> 0.25
7,147,0 -> 0.75
7,147,1 -> 0.25
7,148,0 -> 0.75
7,148,1 -> 0.25
7,149,1 -> 0.75
7,149,0 -> 0.25
7,150,1 -> 0.75
7,150,0 -> 0.25
7,151,0 -> 0.75
7,151,1 -> 0.25
7,152,1 -> 0.75
7,152,0 -> 0.25
7,153,1 -> 0.75
7,153,0 -> 0.25
7,154,0 -> 0.75
7,154,1 -> 0.25
7,155,1 -> 0.75
7,155,0 -> 0.25
7,156,0 -> 0.570393
7,156,1 -> 0.429607
7,157,0 -> 0.570393
7,157,1 -> 0.429607
7,158,0 -> 0.570393
7,158,1 -> 0.429607
7,159,1 -> 0.570393
7,159,0 -> 0.429607
7,160,0 -> 0.570393
7,160,1 -> 0.429607
7,161,0 -> 0.570393
7,161,1 -> 0.429607
7,162,0 -> 0.570393
7,162,1 -> 0.429607
7,163,1 -> 0.570393
7,163,0 -> 0.429607
7,164,0 -> 0.570393
7,164,1 -> 0.429607
7,165,0 -> 0.570393
7,165,1 -> 0.429607
7,166,1 -> 0.570393
7,166,0 -> 0.429607
7,167,0 -> 0.570393
7,167,1 -> 0.429607
7,168,0 -> 0.570393
7,168,1 -> 0.429607
7,169,1 -> 0.570393
7,169,0 -> 0.429607
7,170,1 -> 0.570393
7,170,0 -> 0.429607
7,171,0 -> 0.570393
7,171,1 -> 0.429607
7,172,1 -> 0.570393
7,172,0 -> 0.429607
7,173,0 -> 0.570393
7,173,1 -> 0.429607
7,174,0 -> 0.570393
7,174,1 -> 0.429607
7,175,1 -> 0.570393
7,175,0 -> 0.429607
7,176,1 -> 0.570393
7,176,0 -> 0.429607
7,177,0 -> 0.570393
7,177,1 -> 0.429607
7,178,1 -> 0.570393
7,178,0 -> 0.429607
7,179,1 -> 0.570393
7,179,0 -> 0.429607
7,180,0 -> 0.570393
7,180,1 -> 0.429607
7,181,1 -> 0.570393
7,181,0 -> 0.429607
7,182,0 -> 0.606132
7,182,1 -> 0.393868
7,183,0 -> 0.606132
7,183,1 -> 0.393868
7,184,0 -> 0.606132
7,184,1 -> 0.393868
7,185,1 -> 0.606132
7,185,0 -> 0.393868
7,186,0 -> 0.606132
7,186,1 -> 0.393868
7,187,0 -> 0.606132
7,187,1 -> 0.393868
7,188,0 -> 0.606132
7,188,1 -> 0.393868
7,189,1 -> 0.606132
7,189,0 -> 0.393868
7,190,0 -> 0.606132
7,190,1 -> 0.393868
7,191,0 -> 0.606132
7,191,1 -> 0.393868
7,192,1 -> 0.606132
7,192,0 -> 0.393868
7,193,0 -> 0.606132
7,193,1 -> 0.393868
7,194,0 -> 0.606132
7,194,1 -> 0.393868
7,195,1 -> 0.606132
7,195,0 -> 0.393868
7,196,1 -> 0.606132
7,196,0 -> 0.393868
7,197,0 -> 0.606132
7,197,1 -> 0.393868
7,198,1 -> 0.606132
7,198,0 -> 0.393868
7,199,0 -> 0.606132
7,199,1 -> 0.393868
7,200,0 -> 0.606132
7,200,1 -> 0.393868
7,201,1 -> 0.606132
7,201,0 -> 0.393868
7,202,1 -> 0.606132
7,202,0 -> 0.393868
7,203,0 -> 0.606132
7,203,1 -> 0.393868
7,204,1 -> 0.606132
7,204,0 -> 0.393868
7,205,1 -> 0.606132
7,205,0 -> 0.393868
7,206,0 -> 0.606132
7,206,1 -> 0.393868
7,207,1 -> 0.606132
7,207,0 -> 0.393868
7,208,0 -> 0.625
7,208,1 -> 0.375
7,209,0 -> 0.625
7,209,1 -> 0.375
7,210,0 -> 0.625
7,210,1 -> 0.375
7,211,1 -> 0.625
7,211,0 -> 0.375
7,212,0 -> 0.625
7,212,1 -> 0.375
7,213,0 -> 0.625
7,213,1 -> 0.375
7,214,0 -> 0.625
7,214,1 -> 0.375
7,215,1 -> 0.625
7,215,0 -> 0.375
7,216,0 -> 0.625
7,216,1 -> 0.375
7,217,0 -> 0.625
7,217,1 -> 0.375
7,218,1 -> 0.625
7,218,0 -> 0.375
7,219,0 -> 0.625
7,219,1 -> 0.375
7,220,0 -> 0.625
7,220,1 -> 0.375
7,221,1 -> 0.625
7,221,0 -> 0.375
7,222,1 -> 0.625
7,222,0 -> 0.375
7,223,0 -> 0.625
7,223,1 -> 0.375
7,224,1 -> 0.625
7,224,0 -> 0.375
7,225,0 -> 0.625
7,225,1 -> 0.375
7,226,0 -> 0.625
7,226,1 -> 0.375
7,227,1 -> 0.625
7,227,0 -> 0.375
7,228,1 -> 0.625
7,228,0 -> 0.375
7,229,0 -> 0.625
7,229,1 -> 0.375
7,230,1 -> 0.625
7,230,0 -> 0.375
7,231,1 -> 0.625
7,231,0 -> 0.375
7,232,0 -> 0.625
7,232,1 -> 0.375
7,233,1 -> 0.625
7,233,0 -> 0.375
8,0,0 -> 0.625
8,0,1 -> 0.375
8,1,0 -> 0.625
8,1,1 -> 0.375
8,2,0 -> 0.625
8,2,1 -> 0.375
8,3,0 -> 0.625
8,3,1 -> 0.375
8,4,1 -> 0.625
8,4,0 -> 0.375
8,5,0 -> 0.625
8,5,1 -> 0.375
8,6,0 -> 0.625
8,6,1 -> 0.375
8,7,0 -> 0.625
8,7,1 -> 0.375
8,8,1 -> 0.625
8,8,0 -> 0.375
8,9,0 -> 0.625
8,9,1 -> 0.375
8,10,0 -> 0.625
8,10,1 -> 0.375
8,11,1 -> 0.625
8,11,0 -> 0.375
8,12,0 -> 0.625
8,12,1 -> 0.375
8,13,1 -> 0.625
8,13,0 -> 0.375
8,14,0 -> 0.625
8,14,1 -> 0.375
8,15,1 -> 0.625
8,15,0 -> 0.375
8,16,0 -> 0.625
8,16,1 -> 0.375
8,17,1 -> 0.625
8,17,0 -> 0.375
8,18,0 -> 0.625
8,18,1 -> 0.375
8,19,1 -> 0.625
8,19,0 -> 0.375
8,20,0 -> 0.625
8,20,1 -> 0.375
8,21,1 -> 0.625
8,21,0 -> 0.375
8,22,1 -> 0.625
8,22,0 -> 0.375
8,23,0 -> 0.625
8,23,1 -> 0.375
8,24,1 -> 0.625
8,24,0 -> 0.375
8,25,1 -> 0.625
8,25,0 -> 0.375
8,26,0 -> 0.606132
8,26,1 -> 0.393868
8,27,0 -> 0.606132
8,27,1 -> 0.393868
8,28,0 -> 0.606132
8,28,1 -> 0.393868
8,29,0 -> 0.606132
8,29,1 -> 0.393868
8,30,1 -> 0.606132
8,30,0 -> 0.393868
8,31,0 -> 0.606132
8,31,1 -> 0.393868
8,32,0 -> 0.606132
8,32,1 -> 0.393868
8,33,0 -> 0.606132
8,33,1 -> 0.393868
8,34,1 -> 0.606132
8,34,0 -> 0.393868
8,35,0 -> 0.606132
8,35,1 -> 0.393868
8,36,0 -> 0.606132
8,36,1 -> 0.393868
8,37,1 -> 0.606132
8,37,0 -> 0.393868
8,38,0 -> 0.606132
8,38,1 -> 0.393868
8,39,1 -> 0.606132
8,39,0 -> 0.393868
8,40,0 -> 0.606132
8,40,1 -> 0.393868
8,41,1 -> 0.606132
8,41,0 -> 0.393868
8,42,0 -> 0.606132
8,42,1 -> 0.393868
8,43,1 -> 0.606132
8,43,0 -> 0.393868
8,44,0 -> 0.606132
8,44,1 -> 0.393868
8,45,1 -> 0.606132
8,45,0 -> 0.393868
8,46,0 -> 0.606132
8,46,1 -> 0.393868
8,47,1 -> 0.606132
8,47,0 -> 0.393868
8,48,1 -> 0.606132
8,48,0 -> 0.393868
8,49,0 -> 0.606132
8,49,1 -> 0.393868
8,50,1 -> 0.606132
8,50,0 -> 0.393868
8,51,1 -> 0.606132
8,51,0 -> 0.393868
8,52,0 -> 0.570393
8,52,1 -> 0.429607
8,53,0 -> 0.570393
8,53,1 -> 0.429607
8,54,0 -> 0.570393
8,54,1 -> 0.429607
8,55,0 -> 0.570393
8,55,1 -> 0.429607
8,56,1 -> 0.570393
8,56,0 -> 0.429607
8,57,0 -> 0.570393
8,57,1 -> 0.429607
8,58,0 -> 0.570393
8,58,1 -> 0.429607
8,59,0 -> 0.570393
8,59,1 -> 0.429607
8,60,1 -> 0.570393
8,60,0 -> 0.429607
8,61,0 -> 0.570393
8,61,1 -> 0.429607
8,62,0 -> 0.570393
8,62,1 -> 0.429607
8,63,1 -> 0.570393
8,63,0 -> 0.429607
8,64,0 -> 0.570393
8,64,1 -> 0.429607
8,65,1 -> 0.570393
8,65,0 -> 0.429607
8,66,0 -> 0.570393
8,66,1 -> 0.429607
8,67,1 -> 0.570393
8,67,0 -> 0.429607
8,68,0 -> 0.570393
8,68,1 -> 0.429607
8,69,1 -> 0.570393
8,69,0 -> 0.429607
8,70,0 -> 0.570393
8,70,1 -> 0.429607
8,71,1 -> 0.570393
8,71,0 -> 0.429607
8,72,0 -> 0.570393
8,72,1 -> 0.429607
8,73,1 -> 0.570393
8,73,0 -> 0.429607
8,74,1 -> 0.570393
8,74,0 -> 0.429607
8,75,0 -> 0.570393
8,75,1 -> 0.429607
8,76,1 -> 0.570393
8,76,0 -> 0.429607
8,77,1 -> 0.570393
8,77,0 -> 0.429607
8,78,0 -> 0.75
8,78,1 -> 0.25
8,79,0 -> 0.75
8,79,1 -> 0.25
8,80,0 -> 0.75
8,80,1 -> 0.25
8,81,0 -> 0.75
8,81,1 -> 0.25
8,82,1 -> 0.75
8,82,0 -> 0.25
8,83,0 -> 0.75
8,83,1 -> 0.25
8,84,0 -> 0.75
8,84,1 -> 0.25
8,85,0 -> 0.75
8,85,1 -> 0.25
8,86,1 -> 0.75
8,86,0 -> 0.25
8,87,0 -> 0.75
8,87,1 -> 0.25
8,88,0 -> 0.75
8,88,1 -> 0.25
8,89,1 -> 0.75
8,89,0 -> 0.25
8,90,0 -> 0.75
8,90,1 -> 0.25
8,91,1 -> 0.75
8,91,0 -> 0.25
8,92,0 -> 0.75
8,92,1 -> 0.25
8,93,1 -> 0.75
8,93,0 -> 0.25
8,94,0 -> 0.75
8,94,1 -> 0.25
8,95,1 -> 0.75
8,95,0 -> 0.25
8,96,0 -> 0.75
8,96,1 -> 0.25
8,97,1 -> 0.75
8,97,0 -> 0.25
8,98,0 -> 0.75
8,98,1 -> 0.25
8,99,1 -> 0.75
8,99,0 -> 0.25
8,100,1 -> 0.75
8,100,0 -> 0.25
8,101,0 -> 0.75
8,101,1 -> 0.25
8,102,1 -> 0.75
8,102,0 -> 0.25
8,103,1 -> 0.75
8,103,0 -> 0.25
8,104,0 -> 0.687607
8,104,1 -> 0.312393
8,105,0 -> 0.687607
8,105,1 -> 0.312393
8,106,0 -> 0.687607
8,106,1 -> 0.312393
8,107,0 -> 0.687607
8,107,1 -> 0.312393
8,108,1 -> 0.687607
8,108,0 -> 0.312393
8,109,0 -> 0.687607
8,109,1 -> 0.312393
8,110,0 -> 0.687607
8,110,1 -> 0.312393
8,111,0 -> 0.687607
8,111,1 -> 0.312393
8,112,1 -> 0.687607
8,112,0 -> 0.312393
8,113,0 -> 0.687607
8,113,1 -> 0.312393
8,114,0 -> 0.687607
8,114,1 -> 0.312393
8,115,1 -> 0.687607
8,115,0 -> 0.312393
8,116,0 -> 0.687607
8,116,1 -> 0.312393
8,117,1 -> 0.687607
8,117,0 -> 0.312393
8,118,0 -> 0.687607
8,118,1 -> 0.312393
8,119,1 -> 0.687607
8,119,0 -> 0.312393
8,120,0 -> 0.687607
8,120,1 -> 0.312393
8,121,1 -> 0.687607
8,121,0 -> 0.312393
8,122,0 -> 0.687607
8,122,1 -> 0.312393
8,123,1 -> 0.687607
8,123,0 -> 0.312393
8,124,0 -> 0.687607
8,124,1 -> 0.312393
8,125,1 -> 0.687607
8,125,0 -> 0.312393
8,126,1 -> 0.687607
8,126,0 -> 0.312393
8,127,0 -> 0.687607
8,127,1 -> 0.312393
8,128,1 -> 0.687607
8,128,0 -> 0.312393
8,129,1 -> 0.687607
8,129,0 -> 0.312393
8,130,0 -> 0.606132
8,130,1 -> 0.393868
8,131,0 -> 0.606132
8,131,1 -> 0.393868
8,132,0 -> 0.606132
8,132,1 -> 0.393868
8,133,0 -> 0.606132
8,133,1 -> 0.393868
8,134,1 -> 0.606132
8,134,0 -> 0.393868
8,135,0 -> 0.606132
8,135,1 -> 0.393868
8,136,0 -> 0.606132
8,136,1 -> 0.393868
8,137,0 -> 0.606132
8,137,1 -> 0.393868
8,138,1 -> 0.606132
8,138,0 -> 0.393868
8,139,0 -> 0.606132
8,139,1 -> 0.393868
8,140,0 -> 0.606132
8,140,1 -> 0.393868
8,141,1 -> 0.606132
8,141,0 -> 0.393868
8,142,0 -> 0.606132
8,142,1 -> 0.393868
8,143,1 -> 0.606132
8,143,0 -> 0.393868
8,144,0 -> 0.606132
8,144,1 -> 0.393868
8,145,1 -> 0.606132
8,145,0 -> 0.393868
8,146,0 -> 0.606132
8,146,1 -> 0.393868
8,147,1 -> 0.606132
8,147,0 -> 0.393868
8,148,0 -> 0.606132
8,148,1 -> 0.393868
8,149,1 -> 0.606132
8,149,0 -> 0.393868
8,150,0 -> 0.606132
8,150,1 -> 0.393868
8,151,1 -> 0.606132
8,151,0 -> 0.393868
8,152,1 -> 0.606132
8,152,0 -> 0.393868
8,153,0 -> 0.606132
8,153,1 -> 0.393868
8,154,1 -> 0.606132
8,154,0 -> 0.393868
8,155,1 -> 0.606132
8,155,0 -> 0.393868
8,156,0 -> 1.0
8,156,1 -> 0.0
8,157,0 -> 1.0
8,157,1 -> 0.0
8,158,0 -> 1.0
8,158,1 -> 0.0
8,159,0 -> 1.0
8,159,1 -> 0.0
8,160,1 -> 1.0
8,160,0 -> 0.0
8,161,0 -> 1.0
8,161,1 -> 0.0
8,162,0 -> 1.0
8,162,1 -> 0.0
8,163,0 -> 1.0
8,163,1 -> 0.0
8,164,1 -> 1.0
8,164,0 -> 0.0
8,165,0 -> 1.0
8,165,1 -> 0.0
8,166,0 -> 1.0
8,166,1 -> 0.0
8,167,1 -> 1.0
8,167,0 -> 0.0
8,168,0 -> 1.0
8,168,1 -> 0.0
8,169,1 -> 1.0
8,169,0 -> 0.0
8,170,0 -> 1.0
8,170,1 -> 0.0
8,171,1 -> 1.0
8,171,0 -> 0.0
8,172,0 -> 1.0
8,172,1 -> 0.0
8,173,1 -> 1.0
8,173,0 -> 0.0
8,174,0 -> 1.0
8,174,1 -> 0.0
8,175,1 -> 1.0
8,175,0 -> 0.0
8,176,0 -> 1.0
8,176,1 -> 0.0
8,177,1 -> 1.0
8,177,0 -> 0.0
8,178,1 -> 1.0
8,178,0 -> 0.0
8,179,0 -> 1.0
8,179,1 -> 0.0
8,180,1 -> 1.0
8,180,0 -> 0.0
8,181,1 -> 1.0
8,181,0 -> 0.0
8,182,0 -> 0.75
8,182,1 -> 0.25
8,183,0 -> 0.75
8,183,1 -> 0.25
8,184,0 -> 0.75
8,184,1 -> 0.25
8,185,0 -> 0.75
8,185,1 -> 0.25
8,186,1 -> 0.75
8,186,0 -> 0.25
8,187,0 -> 0.75
8,187,1 -> 0.25
8,188,0 -> 0.75
8,188,1 -> 0.25
8,189,0 -> 0.75
8,189,1 -> 0.25
8,190,1 -> 0.75
8,190,0 -> 0.25
8,191,0 -> 0.75
8,191,1 -> 0.25
8,192,0 -> 0.75
8,192,1 -> 0.25
8,193,1 -> 0.75
8,193,0 -> 0.25
8,194,0 -> 0.75
8,194,1 -> 0.25
8,195,1 -> 0.75
8,195,0 -> 0.25
8,196,0 -> 0.75
8,196,1 -> 0.25
8,197,1 -> 0.75
8,197,0 -> 0.25
8,198,0 -> 0.75
8,198,1 -> 0.25
8,199,1 -> 0.75
8,199,0 -> 0.25
8,200,0 -> 0.75
8,200,1 -> 0.25
8,201,1 -> 0.75
8,201,0 -> 0.25
8,202,0 -> 0.75
8,202,1 -> 0.25
8,203,1 -> 0.75
8,203,0 -> 0.25
8,204,1 -> 0.75
8,204,0 -> 0.25
8,205,0 -> 0.75
8,205,1 -> 0.25
8,206,1 -> 0.75
8,206,0 -> 0.25
8,207,1 -> 0.75
8,207,0 -> 0.25
8,208,0 -> 0.625
8,208,1 -> 0.375
8,209,0 -> 0.625
8,209,1 -> 0.375
8,210,0 -> 0.625
8,210,1 -> 0.375
8,211,0 -> 0.625
8,211,1 -> 0.375
8,212,1 -> 0.625
8,212,0 -> 0.375
8,213,0 -> 0.625
8,213,1 -> 0.375
8,214,0 -> 0.625
8,214,1 -> 0.375
8,215,0 -> 0.625
8,215,1 -> 0.375
8,216,1 -> 0.625
8,216,0 -> 0.375
8,217,0 -> 0.625
8,217,1 -> 0.375
8,218,0 -> 0.625
8,218,1 -> 0.375
8,219,1 -> 0.625
8,219,0 -> 0.375
8,220,0 -> 0.625
8,220,1 -> 0.375
8,221,1 -> 0.625
8,221,0 -> 0.375
8,222,0 -> 0.625
8,222,1 -> 0.375
8,223,1 -> 0.625
8,223,0 -> 0.375
8,224,0 -> 0.625
8,224,1 -> 0.375
8,225,1 -> 0.625
8,225,0 -> 0.375
8,226,0 -> 0.625
8,226,1 -> 0.375
8,227,1 -> 0.625
8,227,0 -> 0.375
8,228,0 -> 0.625
8,228,1 -> 0.375
8,229,1 -> 0.625
8,229,0 -> 0.375
8,230,1 -> 0.625
8,230,0 -> 0.375
8,231,0 -> 0.625
8,231,1 -> 0.375
8,232,1 -> 0.625
8,232,0 -> 0.375
8,233,1 -> 0.625
8,233,0 -> 0.375
9,0,0 -> 0.606132
9,0,1 -> 0.393868
9,1,0 -> 0.606132
9,1,1 -> 0.393868
9,2,0 -> 0.606132
9,2,1 -> 0.393868
9,3,0 -> 0.606132
9,3,1 -> 0.393868
9,4,0 -> 0.606132
9,4,1 -> 0.393868
9,5,1 -> 0.606132
9,5,0 -> 0.393868
9,6,0 -> 0.606132
9,6,1 -> 0.393868
9,7,0 -> 0.606132
9,7,1 -> 0.393868
9,8,0 -> 0.606132
9,8,1 -> 0.393868
9,9,1 -> 0.606132
9,9,0 -> 0.393868
9,10,0 -> 0.606132
9,10,1 -> 0.393868
9,11,0 -> 0.606132
9,11,1 -> 0.393868
9,12,1 -> 0.606132
9,12,0 -> 0.393868
9,13,0 -> 0.606132
9,13,1 -> 0.393868
9,14,1 -> 0.606132
9,14,0 -> 0.393868
9,15,1 -> 0.606132
9,15,0 -> 0.393868
9,16,0 -> 0.606132
9,16,1 -> 0.393868
9,17,0 -> 0.606132
9,17,1 -> 0.393868
9,18,1 -> 0.606132
9,18,0 -> 0.393868
9,19,0 -> 0.606132
9,19,1 -> 0.393868
9,20,1 -> 0.606132
9,20,0 -> 0.393868
9,21,1 -> 0.606132
9,21,0 -> 0.393868
9,22,0 -> 0.606132
9,22,1 -> 0.393868
9,23,1 -> 0.606132
9,23,0 -> 0.393868
9,24,1 -> 0.606132
9,24,0 -> 0.393868
9,25,1 -> 0.606132
9,25,0 -> 0.393868
9,26,0 -> 0.687607
9,26,1 -> 0.312393
9,27,0 -> 0.687607
9,27,1 -> 0.312393
9,28,0 -> 0.687607
9,28,1 -> 0.312393
9,29,0 -> 0.687607
9,29,1 -> 0.312393
9,30,0 -> 0.687607
9,30,1 -> 0.312393
9,31,1 -> 0.687607
9,31,0 -> 0.312393
9,32,0 -> 0.687607
9,32,1 -> 0.312393
9,33,0 -> 0.687607
9,33,1 -> 0.312393
9,34,0 -> 0.687607
9,34,1 -> 0.312393
9,35,1 -> 0.687607
9,35,0 -> 0.312393
9,36,0 -> 0.687607
9,36,1 -> 0.312393
9,37,0 -> 0.687607
9,37,1 -> 0.312393
9,38,1 -> 0.687607
9,38,0 -> 0.312393
9,39,0 -> 0.687607
9,39,1 -> 0.312393
9,40,1 -> 0.687607
9,40,0 -> 0.312393
9,41,1 -> 0.687607
9,41,0 -> 0.312393
9,42,0 -> 0.687607
9,42,1 -> 0.312393
9,43,0 -> 0.687607
9,43,1 -> 0.312393
9,44,1 -> 0.687607
9,44,0 -> 0.312393
9,45,0 -> 0.687607
9,45,1 -> 0.312393
9,46,1 -> 0.687607
9,46,0 -> 0.312393
9,47,1 -> 0.687607
9,47,0 -> 0.312393
9,48,0 -> 0.687607
9,48,1 -> 0.312393
9,49,1 -> 0.687607
9,49,0 -> 0.312393
9,50,1 -> 0.687607
9,50,0 -> 0.312393
9,51,1 -> 0.687607
9,51,0 -> 0.312393
9,52,0 -> 0.75
9,52,1 -> 0.25
9,53,0 -> 0.75
9,53,1 -> 0.25
9,54,0 -> 0.75
9,54,1 -> 0.25
9,55,0 -> 0.75
9,55,1 -> 0.25
9,56,0 -> 0.75
9,56,1 -> 0.25
9,57,1 -> 0.75
9,57,0 -> 0.25
9,58,0 -> 0.75
9,58,1 -> 0.25
9,59,0 -> 0.75
9,59,1 -> 0.25
9,60,0 -> 0.75
9,60,1 -> 0.25
9,61,1 -> 0.75
9,61,0 -> 0.25
9,62,0 -> 0.75
9,62,1 -> 0.25
9,63,0 -> 0.75
9,63,1 -> 0.25
9,64,1 -> 0.75
9,64,0 -> 0.25
9,65,0 -> 0.75
9,65,1 -> 0.25
9,66,1 -> 0.75
9,66,0 -> 0.25
9,67,1 -> 0.75
9,67,0 -> 0.25
9,68,0 -> 0.75
9,68,1 -> 0.25
9,69,0 -> 0.75
9,69,1 -> 0.25
9,70,1 -> 0.75
9,70,0 -> 0.25
9,71,0 -> 0.75
9,71,1 -> 0.25
9,72,1 -> 0.75
9,72,0 -> 0.25
9,73,1 -> 0.75
9,73,0 -> 0.25
9,74,0 -> 0.75
9,74,1 -> 0.25
9,75,1 -> 0.75
9,75,0 -> 0.25
9,76,1 -> 0.75
9,76,0 -> 0.25
9,77,1 -> 0.75
9,77,0 -> 0.25
9,78,0 -> 0.625
9,78,1 -> 0.375
9,79,0 -> 0.625
9,79,1 -> 0.375
9,80,0 -> 0.625
9,80,1 -> 0.375
9,81,0 -> 0.625
9,81,1 -> 0.375
9,82,0 -> 0.625
9,82,1 -> 0.375
9,83,1 -> 0.625
9,83,0 -> 0.375
9,84,0 -> 0.625
9,84,1 -> 0.375
9,85,0 -> 0.625
9,85,1 -> 0.375
9,86,0 -> 0.625
9,86,1 -> 0.375
9,87,1 -> 0.625
9,87,0 -> 0.375
9,88,0 -> 0.625
9,88,1 -> 0.375
9,89,0 -> 0.625
9,89,1 -> 0.375
9,90,1 -> 0.625
9,90,0 -> 0.375
9,91,0 -> 0.625
9,91,1 -> 0.375
9,92,1 -> 0.625
9,92,0 -> 0.375
9,93,1 -> 0.625
9,93,0 -> 0.375
9,94,0 -> 0.625
9,94,1 -> 0.375
9,95,0 -> 0.625
9,95,1 -> 0.375
9,96,1 -> 0.625
9,96,0 -> 0.375
9,97,0 -> 0.625
9,97,1 -> 0.375
9,98,1 -> 0.625
9,98,0 -> 0.375
9,99,1 -> 0.625
9,99,0 -> 0.375
9,100,0 -> 0.625
9,100,1 -> 0.375
9,101,1 -> 0.625
9,101,0 -> 0.375
9,102,1 -> 0.625
9,102,0 -> 0.375
9,103,1 -> 0.625
9,103,0 -> 0.375
9,104,0 -> 0.75
9,104,1 -> 0.25
9,105,0 -> 0.75
9,105,1 -> 0.25
9,106,0 -> 0.75
9,106,1 -> 0.25
9,107,0 -> 0.75
9,107,1 -> 0.25
9,108,0 -> 0.75
9,108,1 -> 0.25
9,109,1 -> 0.75
9,109,0 -> 0.25
9,110,0 -> 0.75
9,110,1 -> 0.25
9,111,0 -> 0.75
9,111,1 -> 0.25
9,112,0 -> 0.75
9,112,1 -> 0.25
9,113,1 -> 0.75
9,113,0 -> 0.25
9,114,0 -> 0.75
9,114,1 -> 0.25
9,115,0 -> 0.75
9,115,1 -> 0.25
9,116,1 -> 0.75
9,116,0 -> 0.25
9,117,0 -> 0.75
9,117,1 -> 0.25
9,118,1 -> 0.75
9,118,0 -> 0.25
9,119,1 -> 0.75
9,119,0 -> 0.25
9,120,0 -> 0.75
9,120,1 -> 0.25
9,121,0 -> 0.75
9,121,1 -> 0.25
9,122,1 -> 0.75
9,122,0 -> 0.25
9,123,0 -> 0.75
9,123,1 -> 0.25
9,124,1 -> 0.75
9,124,0 -> 0.25
9,125,1 -> 0.75
9,125,0 -> 0.25
9,126,0 -> 0.75
9,126,1 -> 0.25
9,127,1 -> 0.75
9,127,0 -> 0.25
9,128,1 -> 0.75
9,128,0 -> 0.25
9,129,1 -> 0.75
9,129,0 -> 0.25
9,130,0 -> 1.0
9,130,1 -> 0.0
9,131,0 -> 1.0
9,131,1 -> 0.0
9,132,0 -> 1.0
9,132,1 -> 0.0
9,133,0 -> 1.0
9,133,1 -> 0.0
9,134,0 -> 1.0
9,134,1 -> 0.0
9,135,1 -> 1.0
9,135,0 -> 0.0
9,136,0 -> 1.0
9,136,1 -> 0.0
9,137,0 -> 1.0
9,137,1 -> 0.0
9,138,0 -> 1.0
9,138,1 -> 0.0
9,139,1 -> 1.0
9,139,0 -> 0.0
9,140,0 -> 1.0
9,140,1 -> 0.0
9,141,0 -> 1.0
9,141,1 -> 0.0
9,142,1 -> 1.0
9,142,0 -> 0.0
9,143,0 -> 1.0
9,143,1 -> 0.0
9,144,1 -> 1.0
9,144,0 -> 0.0
9,145,1 -> 1.0
9,145,0 -> 0.0
9,146,0 -> 1.0
9,146,1 -> 0.0
9,147,0 -> 1.0
9,147,1 -> 0.0
9,148,1 -> 1.0
9,148,0 -> 0.0
9,149,0 -> 1.0
9,149,1 -> 0.0
9,150,1 -> 1.0
9,150,0 -> 0.0
9,151,1 -> 1.0
9,151,0 -> 0.0
9,152,0 -> 1.0
9,152,1 -> 0.0
9,153,1 -> 1.0
9,153,0 -> 0.0
9,154,1 -> 1.0
9,154,0 -> 0.0
9,155,1 -> 1.0
9,155,0 -> 0.0
9,156,0 -> 0.606132
9,156,1 -> 0.393868
9,157,0 -> 0.606132
9,157,1 -> 0.393868
9,158,0 -> 0.606132
9,158,1 -> 0.393868
9,159,0 -> 0.606132
9,159,1 -> 0.393868
9,160,0 -> 0.606132
9,160,1 -> 0.393868
9,161,1 -> 0.606132
9,161,0 -> 0.393868
9,162,0 -> 0.606132
9,162,1 -> 0.393868
9,163,0 -> 0.606132
9,163,1 -> 0.393868
9,164,0 -> 0.606132
9,164,1 -> 0.393868
9,165,1 -> 0.606132
9,165,0 -> 0.393868
9,166,0 -> 0.606132
9,166,1 -> 0.393868
9,167,0 -> 0.606132
9,167,1 -> 0.393868
9,168,1 -> 0.606132
9,168,0 -> 0.393868
9,169,0 -> 0.606132
9,169,1 -> 0.393868
9,170,1 -> 0.606132
9,170,0 -> 0.393868
9,171,1 -> 0.606132
9,171,0 -> 0.393868
9,172,0 -> 0.606132
9,172,1 -> 0.393868
9,173,0 -> 0.606132
9,173,1 -> 0.393868
9,174,1 -> 0.606132
9,174,0 -> 0.393868
9,175,0 -> 0.606132
9,175,1 -> 0.393868
9,176,1 -> 0.606132
9,176,0 -> 0.393868
9,177,1 -> 0.606132
9,177,0 -> 0.393868
9,178,0 -> 0.606132
9,178,1 -> 0.393868
9,179,1 -> 0.606132
9,179,0 -> 0.393868
9,180,1 -> 0.606132
9,180,0 -> 0.393868
9,181,1 -> 0.606132
9,181,0 -> 0.393868
9,182,0 -> 0.687607
9,182,1 -> 0.312393
9,183,0 -> 0.687607
9,183,1 -> 0.312393
9,184,0 -> 0.687607
9,184,1 -> 0.312393
9,185,0 -> 0.687607
9,185,1 -> 0.312393
9,186,0 -> 0.687607
9,186,1 -> 0.312393
9,187,1 -> 0.687607
9,187,0 -> 0.312393
9,188,0 -> 0.687607
9,188,1 -> 0.312393
9,189,0 -> 0.687607
9,189,1 -> 0.312393
9,190,0 -> 0.687607
9,190,1 -> 0.312393
9,191,1 -> 0.687607
9,191,0 -> 0.312393
9,192,0 -> 0.687607
9,192,1 -> 0.312393
9,193,0 -> 0.687607
9,193,1 -> 0.312393
9,194,1 -> 0.687607
9,194,0 -> 0.312393
9,195,0 -> 0.687607
9,195,1 -> 0.312393
9,196,1 -> 0.687607
9,196,0 -> 0.312393
9,197,1 -> 0.687607
9,197,0 -> 0.312393
9,198,0 -> 0.687607
9,198,1 -> 0.312393
9,199,0 -> 0.687607
9,199,1 -> 0.312393
9,200,1 -> 0.687607
9,200,0 -> 0.312393
9,201,0 -> 0.687607
9,201,1 -> 0.312393
9,202,1 -> 0.687607
9,202,0 -> 0.312393
9,203,1 -> 0.687607
9,203,0 -> 0.312393
9,204,0 -> 0.687607
9,204,1 -> 0.312393
9,205,1 -> 0.687607
9,205,0 -> 0.312393
9,206,1 -> 0.687607
9,206,0 -> 0.312393
9,207,1 -> 0.687607
9,207,0 -> 0.312393
9,208,0 -> 0.75
9,208,1 -> 0.25
9,209,0 -> 0.75
9,209,1 -> 0.25
9,210,0 -> 0.75
9,210,1 -> 0.25
9,211,0 -> 0.75
9,211,1 -> 0.25
9,212,0 -> 0.75
9,212,1 -> 0.25
9,213,1 -> 0.75
9,213,0 -> 0.25
9,214,0 -> 0.75
9,214,1 -> 0.25
9,215,0 -> 0.75
9,215,1 -> 0.25
9,216,0 -> 0.75
9,216,1 -> 0.25
9,217,1 -> 0.75
9,217,0 -> 0.25
9,218,0 -> 0.75
9,218,1 -> 0.25
9,219,0 -> 0.75
9,219,1 -> 0.25
9,220,1 -> 0.75
9,220,0 -> 0.25
9,221,0 -> 0.75
9,221,1 -> 0.25
9,222,1 -> 0.75
9,222,0 -> 0.25
9,223,1 -> 0.75
9,223,0 -> 0.25
9,224,0 -> 0.75
9,224,1 -> 0.25
9,225,0 -> 0.75
9,225,1 -> 0.25
9,226,1 -> 0.75
9,226,0 -> 0.25
9,227,0 -> 0.75
9,227,1 -> 0.25
9,228,1 -> 0.75
9,228,0 -> 0.25
9,229,1 -> 0.75
9,229,0 -> 0.25
9,230,0 -> 0.75
9,230,1 -> 0.25
9,231,1 -> 0.75
9,231,0 -> 0.25
9,232,1 -> 0.75
9,232,0 -> 0.25
9,233,1 -> 0.75
9,233,0 -> 0.25
_,234,2 -> 1

# Reward function (s,a -> r)
26,4 -> -10
27,4 -> 10
28,4 -> -10
29,4 -> -10
30,4 -> -10
31,4 -> -10
32,4 -> 10
33,4 -> 10
34,4 -> 10
35,4 -> 10
36,4 -> -10
37,4 -> -10
38,4 -> -10
39,4 -> -10
40,4 -> -10
41,4 -> -10
42,4 -> 10
43,4 -> 10
44,4 -> 10
45,4 -> 10
46,4 -> 10
47,4 -> 10
48,4 -> -10
49,4 -> -10
50,4 -> -10
51,4 -> -10
52,4 -> -10
53,4 -> -10
54,4 -> -10
55,4 -> 10
56,4 -> -10
57,4 -> -10
58,4 -> -10
59,4 -> 10
60,4 -> -10
61,4 -> -10
62,4 -> 10
63,4 -> -10
64,4 -> -10
65,4 -> 10
66,4 -> 10
67,4 -> -10
68,4 -> 10
69,4 -> -10
70,4 -> -10
71,4 -> 10
72,4 -> 10
73,4 -> -10
74,4 -> 10
75,4 -> 10
76,4 -> -10
77,4 -> 10
52,2 -> 10
53,2 -> 10
54,2 -> 10
55,2 -> 10
56,2 -> 10
57,2 -> 10
58,2 -> 10
59,2 -> 10
60,2 -> 10
61,2 -> 10
62,2 -> 10
63,2 -> 10
64,2 -> 10
65,2 -> 10
66,2 -> 10
67,2 -> 10
68,2 -> 10
69,2 -> 10
70,2 -> 10
71,2 -> 10
72,2 -> 10
73,2 -> 10
74,2 -> 10
75,2 -> 10
76,2 -> 10
77,2 -> 10
78,4 -> -10
79,4 -> -10
80,4 -> 10
81,4 -> -10
82,4 -> -10
83,4 -> -10
84,4 -> 10
85,4 -> -10
86,4 -> -10
87,4 -> -10
88,4 -> 10
89,4 -> 10
90,4 -> 10
91,4 -> -10
92,4 -> -10
93,4 -> -10
94,4 -> 10
95,4 -> 10
96,4 -> 10
97,4 -> -10
98,4 -> -10
99,4 -> -10
100,4 -> 10
101,4 -> 10
102,4 -> 10
103,4 -> -10
130,4 -> -10
131,4 -> -10
132,4 -> -10
133,4 -> -10
134,4 -> -10
135,4 -> 10
136,4 -> -10
137,4 -> -10
138,4 -> -10
139,4 -> 10
140,4 -> -10
141,4 -> -10
142,4 -> 10
143,4 -> -10
144,4 -> 10
145,4 -> 10
146,4 -> -10
147,4 -> -10
148,4 -> 10
149,4 -> -10
150,4 -> 10
151,4 -> 10
152,4 -> -10
153,4 -> 10
154,4 -> 10
155,4 -> 10
130,2 -> 10
131,2 -> 10
132,2 -> 10
133,2 -> 10
134,2 -> 10
135,2 -> 10
136,2 -> 10
137,2 -> 10
138,2 -> 10
139,2 -> 10
140,2 -> 10
141,2 -> 10
142,2 -> 10
143,2 -> 10
144,2 -> 10
145,2 -> 10
146,2 -> 10
147,2 -> 10
148,2 -> 10
149,2 -> 10
150,2 -> 10
151,2 -> 10
152,2 -> 10
153,2 -> 10
154,2 -> 10
155,2 -> 10
156,4 -> -10
157,4 -> -10
158,4 -> -10
159,4 -> -10
160,4 -> 10
161,4 -> -10
162,4 -> -10
163,4 -> -10
164,4 -> 10
165,4 -> -10
166,4 -> -10
167,4 -> 10
168,4 -> -10
169,4 -> 10
170,4 -> -10
171,4 -> 10
172,4 -> -10
173,4 -> 10
174,4 -> -10
175,4 -> 10
176,4 -> -10
177,4 -> 10
178,4 -> 10
179,4 -> -10
180,4 -> 10
181,4 -> 10
208,2 -> 10
209,2 -> 10
210,2 -> 10
211,2 -> 10
212,2 -> 10
213,2 -> 10
214,2 -> 10
215,2 -> 10
216,2 -> 10
217,2 -> 10
218,2 -> 10
219,2 -> 10
220,2 -> 10
221,2 -> 10
222,2 -> 10
223,2 -> 10
224,2 -> 10
225,2 -> 10
226,2 -> 10
227,2 -> 10
228,2 -> 10
229,2 -> 10
230,2 -> 10
231,2 -> 10
232,2 -> 10
233,2 -> 10

# Initial tuples (n,s)
0,16
0,17
0,18
0,19
0,20
0,21
0,22
0,23
0,24
0,25