0	0.000000	6.842176	6.842176	5.961074
2	0.000000	6.842176	6.842176	38.584872
3	0.000000	6.842176	6.842176	71.152883
4	0.000000	6.842176	6.842176	103.814462
5	0.000000	6.842176	6.842176	136.458887
6	0.000000	6.842176	6.842176	169.139297
7	0.000000	6.842176	6.842176	201.879416
8	0.000000	6.842176	6.842176	234.596194
9	0.000000	6.842176	6.842176	267.350117
10	0.000000	6.842176	6.842176	300.117990
11	0.000000	6.842176	6.842176	332.946968
12	0.000000	6.842176	6.842176	365.646234
13	0.000000	6.842176	6.842176	398.242006
14	0.000000	6.842176	6.842176	430.872715
15	0.000000	6.842176	6.842176	463.560471
16	0.000000	6.842176	6.842176	496.220526
17	0.000000	6.842176	6.842176	528.889718
18	0.000000	6.842176	6.842176	561.508557
19	0.000000	6.842176	6.842176	594.187139
20	0.000000	6.842176	6.842176	626.851545
21	0.000000	6.842176	6.842176	659.467110
22	0.000000	6.842176	6.842176	692.110792
23	0.000000	6.842176	6.842176	724.743687
24	0.000000	6.842176	6.842176	757.363069
25	0.000000	6.842176	6.842176	789.967079
26	0.000000	6.842176	6.842176	822.780107
27	0.000000	6.842176	6.842176	855.450087
28	0.000000	6.842176	6.842176	888.167997
29	0.000000	6.842176	6.842176	920.797302
30	0.000000	6.842176	6.842176	953.417459
31	0.000000	6.842176	6.842176	985.998399
32	0.000000	6.842176	6.842176	1018.657537
33	0.000000	6.842176	6.842176	1051.233595
34	0.000000	6.842176	6.842176	1083.981862
35	0.000000	6.842176	6.842176	1116.653657
36	0.000000	6.842176	6.842176	1149.233885
37	0.000000	6.842176	6.842176	1181.852659
38	0.000000	6.842176	6.842176	1214.513377
39	0.000000	6.842176	6.842176	1247.111917
40	0.000000	6.842176	6.842176	1279.820002
41	0.000000	6.842176	6.842176	1312.527277
42	0.000000	6.842176	6.842176	1345.239503
43	0.000000	6.842176	6.842176	1377.999416
44	0.000000	6.842176	6.842176	1410.820535
45	0.000000	6.842176	6.842176	1443.499544
46	0.000000	6.842176	6.842176	1476.139634
47	0.000000	6.842176	6.842176	1508.821746
48	0.000000	6.842176	6.842176	1541.623394
49	0.000000	6.842176	6.842176	1574.254779
50	0.000000	6.842176	6.842176	1606.984839
51	0.000000	6.842176	6.842176	1639.668684
52	0.000000	6.842176	6.842176	1672.404350
53	0.000000	6.842176	6.842176	1705.044248
54	0.000000	6.842176	6.842176	1737.718563
55	0.000000	6.842176	6.842176	1770.431354
56	0.000000	6.842176	6.842176	1803.064515
57	0.000000	6.842176	6.842176	1835.790449
58	0.000000	6.842176	6.842176	1868.530871
59	0.000000	6.842176	6.842176	1901.249138
60	0.000000	6.842176	6.842176	1933.919243
61	0.000000	6.842176	6.842176	1966.520691
62	0.000000	6.842176	6.842176	1999.183860
63	0.000000	6.842176	6.842176	2031.810994
64	0.000000	6.842176	6.842176	2064.463580
65	0.000000	6.842176	6.842176	2097.117267
66	0.000000	6.842176	6.842176	2129.747378
67	0.000000	6.842176	6.842176	2162.435915
68	0.000000	6.842176	6.842176	2195.092234
69	0.000000	6.842176	6.842176	2227.746130
70	0.000000	6.842176	6.842176	2260.501274
71	0.000000	6.842176	6.842176	2293.135931
72	0.000000	6.842176	6.842176	2325.752133
73	0.000000	6.842176	6.842176	2358.434555
74	0.000000	6.842176	6.842176	2391.074689
75	0.000000	6.842176	6.842176	2423.774090
76	0.000000	6.842176	6.842176	2456.403878
77	0.000000	6.842176	6.842176	2489.034045
78	0.000000	6.842176	6.842176	2521.662347
79	0.000000	6.842176	6.842176	2554.318705
80	0.000000	6.842176	6.842176	2587.012780
81	0.000000	6.842176	6.842176	2619.693233
82	0.000000	6.842176	6.842176	2652.315605
83	0.000000	6.842176	6.842176	2684.884736
84	0.000000	6.842176	6.842176	2717.543229
85	0.000000	6.842176	6.842176	2750.173269
86	0.000000	6.842176	6.842176	2782.883302
87	0.000000	6.842176	6.842176	2815.477185
88	0.000000	6.842176	6.842176	2848.097445
89	0.000000	6.842176	6.842176	2880.753972
90	0.000000	6.842176	6.842176	2913.392446
91	0.000000	6.842176	6.842176	2945.997956
92	0.000000	6.842176	6.842176	2978.643864
93	0.000000	6.842176	6.842176	3011.289808
94	0.000000	6.842176	6.842176	3043.918143
95	0.000000	6.842176	6.842176	3076.442824
96	0.000000	6.842176	6.842176	3109.121156
97	0.000000	6.842176	6.842176	3141.849066
98	0.000000	6.842176	6.842176	3174.464998
99	0.000000	6.842176	6.842176	3207.244655
100	0.000000	6.842176	6.842176	3239.902074
101	0.000000	6.842176	6.842176	3272.454841
102	0.000000	6.842176	6.842176	3304.914716
103	0.000000	6.842176	6.842176	3337.480289
104	0.000000	6.842176	6.842176	3370.022427
105	0.000000	6.842176	6.842176	3402.544920
106	0.000000	6.842176	6.842176	3435.018044
107	0.000000	6.842176	6.842176	3467.548416
108	0.000000	6.842176	6.842176	3500.107109
109	0.000000	6.842176	6.842176	3532.652523
110	0.000000	6.842176	6.842176	3565.175251
111	0.000000	6.842176	6.842176	3597.716587
112	0.000000	6.842176	6.842176	3630.343550

0.000000	3630.344557
Agent policy:
  Deterministic policy v119_a0 --> 1.0
Nature policy:
  Environment 0, State 26 --> 0.534545
  Environment 0, State 29 --> 0.0
  Environment 0, State 7 --> 0.465455