0	0.000000	6.842176	6.842176	6.014934
2	0.000000	6.842176	6.842176	38.718227
3	0.000000	6.842176	6.842176	71.340916
4	0.000000	6.842176	6.842176	103.998365
5	0.000000	6.842176	6.842176	136.582000
6	0.000000	6.842176	6.842176	169.146643
7	0.000000	6.842176	6.842176	201.776350
8	0.000000	6.842176	6.842176	234.305541
9	0.000000	6.842176	6.842176	266.926746
10	0.000000	6.842176	6.842176	299.548015
11	0.000000	6.842176	6.842176	332.207276
12	0.000000	6.842176	6.842176	364.856138
13	0.000000	6.842176	6.842176	397.562210
14	0.000000	6.842176	6.842176	430.239015
15	0.000000	6.842176	6.842176	462.881808
16	0.000000	6.842176	6.842176	495.510066
17	0.000000	6.842176	6.842176	528.251851
18	0.000000	6.842176	6.842176	560.971444
19	0.000000	6.842176	6.842176	593.644518
20	0.000000	6.842176	6.842176	626.284137
21	0.000000	6.842176	6.842176	658.910837
22	0.000000	6.842176	6.842176	691.564211
23	0.000000	6.842176	6.842176	724.237896
24	0.000000	6.842176	6.842176	756.939772
25	0.000000	6.842176	6.842176	789.577740
26	0.000000	6.842176	6.842176	822.333300
27	0.000000	6.842176	6.842176	855.014182
28	0.000000	6.842176	6.842176	887.696616
29	0.000000	6.842176	6.842176	920.435418
30	0.000000	6.842176	6.842176	953.123540
31	0.000000	6.842176	6.842176	985.765922
32	0.000000	6.842176	6.842176	1018.364030
33	0.000000	6.842176	6.842176	1051.089613
34	0.000000	6.842176	6.842176	1083.662786
35	0.000000	6.842176	6.842176	1116.293742
36	0.000000	6.842176	6.842176	1148.939369
37	0.000000	6.842176	6.842176	1181.614850
38	0.000000	6.842176	6.842176	1214.257589
39	0.000000	6.842176	6.842176	1246.913206
40	0.000000	6.842176	6.842176	1279.542298
41	0.000000	6.842176	6.842176	1312.405376
42	0.000000	6.842176	6.842176	1345.072483
43	0.000000	6.842176	6.842176	1377.681497
44	0.000000	6.842176	6.842176	1410.231590
45	0.000000	6.842176	6.842176	1442.939328
46	0.000000	6.842176	6.842176	1475.600717
47	0.000000	6.842176	6.842176	1508.309760
48	0.000000	6.842176	6.842176	1541.054878
49	0.000000	6.842176	6.842176	1573.805610
50	0.000000	6.842176	6.842176	1606.476033
51	0.000000	6.842176	6.842176	1639.102140
52	0.000000	6.842176	6.842176	1671.694220
53	0.000000	6.842176	6.842176	1704.402431
54	0.000000	6.842176	6.842176	1737.019976
55	0.000000	6.842176	6.842176	1769.724921
56	0.000000	6.842176	6.842176	1802.403487
57	0.000000	6.842176	6.842176	1835.035602
58	0.000000	6.842176	6.842176	1867.752799
59	0.000000	6.842176	6.842176	1900.468833
60	0.000000	6.842176	6.842176	1933.137007
61	0.000000	6.842176	6.842176	1965.788351
62	0.000000	6.842176	6.842176	1998.516426
63	0.000000	6.842176	6.842176	2031.132452
64	0.000000	6.842176	6.842176	2063.765763
65	0.000000	6.842176	6.842176	2096.413176
66	0.000000	6.842176	6.842176	2128.926935
67	0.000000	6.842176	6.842176	2161.559527
68	0.000000	6.842176	6.842176	2194.157631
69	0.000000	6.842176	6.842176	2226.800678
70	0.000000	6.842176	6.842176	2259.361453
71	0.000000	6.842176	6.842176	2291.999671
72	0.000000	6.842176	6.842176	2324.640907
73	0.000000	6.842176	6.842176	2357.392319
74	0.000000	6.842176	6.842176	2390.095264
75	0.000000	6.842176	6.842176	2422.747893
76	0.000000	6.842176	6.842176	2455.401505
77	0.000000	6.842176	6.842176	2488.035378
78	0.000000	6.842176	6.842176	2520.693701
79	0.000000	6.842176	6.842176	2553.435824
80	0.000000	6.842176	6.842176	2586.086856
81	0.000000	6.842176	6.842176	2618.682289
82	0.000000	6.842176	6.842176	2651.219659
83	0.000000	6.842176	6.842176	2683.965469
84	0.000000	6.842176	6.842176	2716.756545
85	0.000000	6.842176	6.842176	2749.438659
86	0.000000	6.842176	6.842176	2782.069657
87	0.000000	6.842176	6.842176	2814.736105
88	0.000000	6.842176	6.842176	2847.427462
89	0.000000	6.842176	6.842176	2880.104621
90	0.000000	6.842176	6.842176	2912.868091
91	0.000000	6.842176	6.842176	2945.644354
92	0.000000	6.842176	6.842176	2978.349799
93	0.000000	6.842176	6.842176	3011.072688
94	0.000000	6.842176	6.842176	3043.875326
95	0.000000	6.842176	6.842176	3076.653089
96	0.000000	6.842176	6.842176	3109.432478
97	0.000000	6.842176	6.842176	3142.146111
98	0.000000	6.842176	6.842176	3174.794693
99	0.000000	6.842176	6.842176	3207.460435
100	0.000000	6.842176	6.842176	3240.042140
101	0.000000	6.842176	6.842176	3272.571458
102	0.000000	6.842176	6.842176	3305.177724
103	0.000000	6.842176	6.842176	3337.614405
104	0.000000	6.842176	6.842176	3370.221562
105	0.000000	6.842176	6.842176	3402.773479
106	0.000000	6.842176	6.842176	3435.240326
107	0.000000	6.842176	6.842176	3467.767993
108	0.000000	6.842176	6.842176	3500.302047
109	0.000000	6.842176	6.842176	3532.890690
110	0.000000	6.842176	6.842176	3565.419019
111	0.000000	6.842176	6.842176	3597.994095
112	0.000000	6.842176	6.842176	3630.481771

0.000000	3630.482392
Agent policy:
  Deterministic policy v119_a0 --> 1.0
Nature policy:
  Environment 0, State 28 --> 0.534545
  Environment 0, State 7 --> 0.465455
  Environment 0, State 31 --> 0.0