0	0.000000	9.562426	9.562426	29.658470
2	0.000000	1.631319	1.631319	159.607277
3	0.000000	0.274026	0.274026	286.240798
4	0.000000	0.274026	0.274026	382.812585
5	0.000000	0.274026	0.274026	479.118510
6	0.000000	0.274026	0.274026	575.287560
7	0.000000	0.274026	0.274026	671.722138
8	0.000000	0.274026	0.274026	768.025856
9	0.000000	0.274026	0.274026	863.957483
10	0.000000	0.274026	0.274026	960.610487
11	0.000000	0.274026	0.274026	1057.185650
12	0.000000	0.274026	0.274026	1153.394937
13	0.000000	0.274026	0.274026	1249.827171
14	0.000000	0.274026	0.274026	1346.093890
15	0.000000	0.274026	0.274026	1442.961102
16	0.000000	0.274026	0.274026	1539.645582
17	0.000000	0.274026	0.274026	1636.433125
18	0.000000	0.274026	0.274026	1732.719422
19	0.000000	0.274026	0.274026	1829.126329
20	0.000000	0.274026	0.274026	1925.751848
21	0.000000	0.274026	0.274026	2021.700151
22	0.000000	0.274026	0.274026	2117.977985
23	0.000000	0.274026	0.274026	2214.034000
24	0.000000	0.274026	0.274026	2310.408352
25	0.000000	0.274026	0.274026	2406.564039
26	0.000000	0.274026	0.274026	2502.808662
27	0.000000	0.274026	0.274026	2599.147291
28	0.000000	0.274026	0.274026	2695.657318
29	0.000000	0.274026	0.274026	2792.430033
30	0.000000	0.274026	0.274026	2889.407271
31	0.000000	0.274026	0.274026	2985.922085
32	0.000000	0.274026	0.274026	3082.131753
33	0.000000	0.274026	0.274026	3178.349863
34	0.000000	0.274026	0.274026	3274.789431
35	0.000000	0.274026	0.274026	3371.155795
36	0.000000	0.274026	0.274026	3467.869341
37	0.000000	0.274026	0.274026	3564.317437
38	0.000000	0.274026	0.274026	3660.817210