0	0.000000	5.880000	5.880000	5.988505
2	0.000000	5.880000	5.880000	38.713732
3	0.000000	5.880000	5.880000	71.371920
4	0.000000	5.880000	5.880000	104.099035
5	0.000000	5.880000	5.880000	136.730300
6	0.000000	5.880000	5.880000	169.399445
7	0.000000	5.880000	5.880000	202.126611
8	0.000000	5.880000	5.880000	234.931768
9	0.000000	5.880000	5.880000	267.611705
10	0.000000	5.880000	5.880000	300.295823
11	0.000000	5.880000	5.880000	332.974303
12	0.000000	5.880000	5.880000	365.656404
13	0.000000	5.880000	5.880000	398.299259
14	0.000000	5.880000	5.880000	431.029095
15	0.000000	5.880000	5.880000	463.691128
16	0.000000	5.880000	5.880000	496.345914
17	0.000000	5.880000	5.880000	528.972522
18	0.000000	5.880000	5.880000	561.677858
19	0.000000	5.880000	5.880000	594.407624
20	0.000000	5.880000	5.880000	627.134221
21	0.000000	5.880000	5.880000	659.838759
22	0.000000	5.880000	5.880000	692.633520
23	0.000000	5.880000	5.880000	725.339054
24	0.000000	5.880000	5.880000	757.913798
25	0.000000	5.880000	5.880000	790.465176
26	0.000000	5.880000	5.880000	823.129706
27	0.000000	5.880000	5.880000	855.819545
28	0.000000	5.880000	5.880000	888.493102
29	0.000000	5.880000	5.880000	921.229010
30	0.000000	5.880000	5.880000	953.963292
31	0.000000	5.880000	5.880000	986.727345
32	0.000000	5.880000	5.880000	1019.504825
33	0.000000	5.880000	5.880000	1052.160242
34	0.000000	5.880000	5.880000	1084.756680
35	0.000000	5.880000	5.880000	1117.473257
36	0.000000	5.880000	5.880000	1150.061936
37	0.000000	5.880000	5.880000	1182.801362
38	0.000000	5.880000	5.880000	1215.592488
39	0.000000	5.880000	5.880000	1248.366848
40	0.000000	5.880000	5.880000	1280.958362
41	0.000000	5.880000	5.880000	1313.622173
42	0.000000	5.880000	5.880000	1346.383849
43	0.000000	5.880000	5.880000	1379.045408
44	0.000000	5.880000	5.880000	1411.693738
45	0.000000	5.880000	5.880000	1444.512178
46	0.000000	5.880000	5.880000	1477.243325
47	0.000000	5.880000	5.880000	1510.020717
48	0.000000	5.880000	5.880000	1542.697604
49	0.000000	5.880000	5.880000	1575.326572
50	0.000000	5.880000	5.880000	1607.948568
51	0.000000	5.880000	5.880000	1640.691247
52	0.000000	5.880000	5.880000	1673.328216
53	0.000000	5.880000	5.880000	1705.997295
54	0.000000	5.880000	5.880000	1738.595701
55	0.000000	5.880000	5.880000	1771.232628
56	0.000000	5.880000	5.880000	1803.745350
57	0.000000	5.880000	5.880000	1836.389536
58	0.000000	5.880000	5.880000	1869.015577
59	0.000000	5.880000	5.880000	1901.657548
60	0.000000	5.880000	5.880000	1934.215554
61	0.000000	5.880000	5.880000	1966.815114
62	0.000000	5.880000	5.880000	1999.426407
63	0.000000	5.880000	5.880000	2032.270742
64	0.000000	5.880000	5.880000	2064.893316
65	0.000000	5.880000	5.880000	2097.511704
66	0.000000	5.880000	5.880000	2130.156961
67	0.000000	5.880000	5.880000	2162.802629
68	0.000000	5.880000	5.880000	2195.350457
69	0.000000	5.880000	5.880000	2227.992727
70	0.000000	5.880000	5.880000	2260.604821
71	0.000000	5.880000	5.880000	2293.161613
72	0.000000	5.880000	5.880000	2325.769518
73	0.000000	5.880000	5.880000	2358.339366
74	0.000000	5.880000	5.880000	2390.942919
75	0.000000	5.880000	5.880000	2423.576015
76	0.000000	5.880000	5.880000	2456.175043
77	0.000000	5.880000	5.880000	2488.807199
78	0.000000	5.880000	5.880000	2521.450011
79	0.000000	5.880000	5.880000	2554.038368
80	0.000000	5.880000	5.880000	2586.660716
81	0.000000	5.880000	5.880000	2619.271148
82	0.000000	5.880000	5.880000	2651.816181
83	0.000000	5.880000	5.880000	2684.469220
84	0.000000	5.880000	5.880000	2717.154214
85	0.000000	5.880000	5.880000	2749.772175
86	0.000000	5.880000	5.880000	2782.361904
87	0.000000	5.880000	5.880000	2815.056731
88	0.000000	5.880000	5.880000	2847.653685
89	0.000000	5.880000	5.880000	2880.286412
90	0.000000	5.880000	5.880000	2912.779134
91	0.000000	5.880000	5.880000	2945.338971
92	0.000000	5.880000	5.880000	2977.960646
93	0.000000	5.880000	5.880000	3010.593493
94	0.000000	5.880000	5.880000	3043.225675
95	0.000000	5.880000	5.880000	3075.840366
96	0.000000	5.880000	5.880000	3108.466226
97	0.000000	5.880000	5.880000	3141.058617
98	0.000000	5.880000	5.880000	3173.667120
99	0.000000	5.880000	5.880000	3206.290900
100	0.000000	5.880000	5.880000	3238.903278
101	0.000000	5.880000	5.880000	3271.429145
102	0.000000	5.880000	5.880000	3303.942477
103	0.000000	5.880000	5.880000	3336.416800
104	0.000000	5.880000	5.880000	3368.922420
105	0.000000	5.880000	5.880000	3401.463991
106	0.000000	5.880000	5.880000	3434.020536
107	0.000000	5.880000	5.880000	3466.612981
108	0.000000	5.880000	5.880000	3499.144789
109	0.000000	5.880000	5.880000	3531.619703
110	0.000000	5.880000	5.880000	3564.181004
111	0.000000	5.880000	5.880000	3596.750905
112	0.000000	5.880000	5.880000	3629.365412

0.000000	3629.365826
Agent policy:
  Deterministic policy v119_a0 --> 1.0
Nature policy:
  Environment 0, State 29 --> 0.6
  Environment 0, State 21 --> 0.0
  Environment 0, State 7 --> 0.4