0	0.000000	9.562645	9.562645	35.601055
2	0.000000	1.631274	1.631274	166.078665
3	0.000000	0.283859	0.283859	260.947321
4	0.000000	0.283859	0.283859	355.944664
5	0.000000	0.283859	0.283859	419.574395
6	0.000000	0.283859	0.283859	483.097256
7	0.000000	0.283859	0.283859	546.557076
8	0.000000	0.283859	0.283859	610.203789
9	0.000000	0.283859	0.283859	673.717050
10	0.000000	0.283859	0.283859	737.222648
11	0.000000	0.283859	0.283859	800.634723
12	0.000000	0.283859	0.283859	864.202770
13	0.000000	0.283859	0.283859	927.559334
14	0.000000	0.283859	0.283859	990.989237
15	0.000000	0.283859	0.283859	1054.583343
16	0.000000	0.283859	0.283859	1118.005517
17	0.000000	0.283859	0.283859	1181.426885
18	0.000000	0.283859	0.283859	1244.668866
19	0.000000	0.283859	0.283859	1307.991400
20	0.000000	0.283859	0.283859	1371.209011
21	0.000000	0.283859	0.283859	1434.672400
22	0.000000	0.283859	0.283859	1498.093494
23	0.000000	0.283859	0.283859	1561.567563
24	0.000000	0.283859	0.283859	1625.072796
25	0.000000	0.283859	0.283859	1688.614164
26	0.000000	0.283859	0.283859	1752.019091
27	0.000000	0.283859	0.283859	1815.525898
28	0.000000	0.283859	0.283859	1879.069199
29	0.000000	0.283859	0.283859	1942.442056
30	0.000000	0.283859	0.283859	2006.162954
31	0.000000	0.283859	0.283859	2069.848911
32	0.000000	0.283859	0.283859	2133.437467
33	0.000000	0.283859	0.283859	2196.933035
34	0.000000	0.283859	0.283859	2260.648397
35	0.000000	0.283859	0.283859	2324.092234
36	0.000000	0.283859	0.283859	2387.498760
37	0.000000	0.283859	0.283859	2450.977365
38	0.000000	0.283859	0.283859	2514.304852
39	0.000000	0.283859	0.283859	2577.761511
40	0.000000	0.283859	0.283859	2641.039299
41	0.000000	0.283859	0.283859	2704.455683
42	0.000000	0.283859	0.283859	2767.817850
43	0.000000	0.283859	0.283859	2831.124128
44	0.000000	0.283859	0.283859	2894.534825
45	0.000000	0.283859	0.283859	2957.987168
46	0.000000	0.283859	0.283859	3021.619022
47	0.000000	0.283859	0.283859	3085.269295
48	0.000000	0.283859	0.283859	3148.941526
49	0.000000	0.283859	0.283859	3212.384364
50	0.000000	0.283859	0.283859	3275.958167
51	0.000000	0.283859	0.283859	3339.508425
52	0.000000	0.283859	0.283859	3403.035651
53	0.000000	0.283859	0.283859	3466.370562
54	0.000000	0.283859	0.283859	3529.838094
55	0.000000	0.283859	0.283859	3593.306297
56	0.000000	0.283859	0.283859	3625.587593