0	0.000000	6.842176	6.842176	5.979494
2	0.000000	6.842176	6.842176	38.560416
3	0.000000	6.842176	6.842176	71.033973
4	0.000000	6.842176	6.842176	103.451742
5	0.000000	6.842176	6.842176	135.865323
6	0.000000	6.842176	6.842176	168.265352
7	0.000000	6.842176	6.842176	200.811490
8	0.000000	6.842176	6.842176	233.371662
9	0.000000	6.842176	6.842176	265.866754
10	0.000000	6.842176	6.842176	298.358747
11	0.000000	6.842176	6.842176	330.883200
12	0.000000	6.842176	6.842176	363.466380
13	0.000000	6.842176	6.842176	396.065032
14	0.000000	6.842176	6.842176	428.732211
15	0.000000	6.842176	6.842176	461.244929
16	0.000000	6.842176	6.842176	493.792045
17	0.000000	6.842176	6.842176	526.307813
18	0.000000	6.842176	6.842176	558.842309
19	0.000000	6.842176	6.842176	591.412056
20	0.000000	6.842176	6.842176	623.958245
21	0.000000	6.842176	6.842176	656.547420
22	0.000000	6.842176	6.842176	689.098430
23	0.000000	6.842176	6.842176	721.608898
24	0.000000	6.842176	6.842176	754.154707
25	0.000000	6.842176	6.842176	786.801148
26	0.000000	6.842176	6.842176	819.334920
27	0.000000	6.842176	6.842176	851.926266
28	0.000000	6.842176	6.842176	884.399248
29	0.000000	6.842176	6.842176	916.912609
30	0.000000	6.842176	6.842176	949.575983
31	0.000000	6.842176	6.842176	982.174697
32	0.000000	6.842176	6.842176	1014.650337
33	0.000000	6.842176	6.842176	1047.220438
34	0.000000	6.842176	6.842176	1079.839290
35	0.000000	6.842176	6.842176	1112.414402
36	0.000000	6.842176	6.842176	1144.944128
37	0.000000	6.842176	6.842176	1177.539614
38	0.000000	6.842176	6.842176	1210.134609
39	0.000000	6.842176	6.842176	1242.737375
40	0.000000	6.842176	6.842176	1275.291150
41	0.000000	6.842176	6.842176	1307.850916
42	0.000000	6.842176	6.842176	1340.373889
43	0.000000	6.842176	6.842176	1372.902048
44	0.000000	6.842176	6.842176	1405.398611
45	0.000000	6.842176	6.842176	1437.948764
46	0.000000	6.842176	6.842176	1470.563431
47	0.000000	6.842176	6.842176	1503.270335
48	0.000000	6.842176	6.842176	1535.879998
49	0.000000	6.842176	6.842176	1568.516802
50	0.000000	6.842176	6.842176	1601.072536
51	0.000000	6.842176	6.842176	1633.584106
52	0.000000	6.842176	6.842176	1666.106996
53	0.000000	6.842176	6.842176	1698.581124
54	0.000000	6.842176	6.842176	1731.269833
55	0.000000	6.842176	6.842176	1763.891926
56	0.000000	6.842176	6.842176	1796.477057
57	0.000000	6.842176	6.842176	1829.033801
58	0.000000	6.842176	6.842176	1861.578541
59	0.000000	6.842176	6.842176	1894.111075
60	0.000000	6.842176	6.842176	1926.645099
61	0.000000	6.842176	6.842176	1959.200061
62	0.000000	6.842176	6.842176	1991.835594
63	0.000000	6.842176	6.842176	2024.402359
64	0.000000	6.842176	6.842176	2056.915433
65	0.000000	6.842176	6.842176	2089.507162
66	0.000000	6.842176	6.842176	2122.091123
67	0.000000	6.842176	6.842176	2154.671418
68	0.000000	6.842176	6.842176	2187.193377
69	0.000000	6.842176	6.842176	2219.754486
70	0.000000	6.842176	6.842176	2252.258080
71	0.000000	6.842176	6.842176	2284.842237
72	0.000000	6.842176	6.842176	2317.325326
73	0.000000	6.842176	6.842176	2349.924706
74	0.000000	6.842176	6.842176	2382.591204
75	0.000000	6.842176	6.842176	2415.183333
76	0.000000	6.842176	6.842176	2447.676440
77	0.000000	6.842176	6.842176	2480.234730
78	0.000000	6.842176	6.842176	2512.771410
79	0.000000	6.842176	6.842176	2545.467613
80	0.000000	6.842176	6.842176	2578.084948
81	0.000000	6.842176	6.842176	2610.662786
82	0.000000	6.842176	6.842176	2643.189347
83	0.000000	6.842176	6.842176	2675.788568
84	0.000000	6.842176	6.842176	2708.307818
85	0.000000	6.842176	6.842176	2740.860752
86	0.000000	6.842176	6.842176	2773.478782
87	0.000000	6.842176	6.842176	2806.017284
88	0.000000	6.842176	6.842176	2838.579283
89	0.000000	6.842176	6.842176	2871.221998
90	0.000000	6.842176	6.842176	2903.849090
91	0.000000	6.842176	6.842176	2936.471369
92	0.000000	6.842176	6.842176	2969.030703
93	0.000000	6.842176	6.842176	3001.478147
94	0.000000	6.842176	6.842176	3034.137009
95	0.000000	6.842176	6.842176	3066.798244
96	0.000000	6.842176	6.842176	3099.358604
97	0.000000	6.842176	6.842176	3131.910633
98	0.000000	6.842176	6.842176	3164.479836
99	0.000000	6.842176	6.842176	3196.976747
100	0.000000	6.842176	6.842176	3229.529516
101	0.000000	6.842176	6.842176	3261.918186
102	0.000000	6.842176	6.842176	3294.399237
103	0.000000	6.842176	6.842176	3326.910375
104	0.000000	6.842176	6.842176	3359.398986
105	0.000000	6.842176	6.842176	3391.820331
106	0.000000	6.842176	6.842176	3424.308605
107	0.000000	6.842176	6.842176	3456.697669
108	0.000000	6.842176	6.842176	3489.230093
109	0.000000	6.842176	6.842176	3521.767732
110	0.000000	6.842176	6.842176	3554.271044
111	0.000000	6.842176	6.842176	3586.773913
112	0.000000	6.842176	6.842176	3619.219996

0.000000	3619.220565
Agent policy:
  Deterministic policy v119_a0 --> 1.0
Nature policy:
  Environment 0, State 28 --> 0.534545
  Environment 0, State 29 --> 0.0
  Environment 0, State 7 --> 0.465455