0	0.000000	9.559193	9.559193	23.946691
2	0.000000	1.801674	1.801674	153.032512
3	0.000000	0.307001	0.307001	281.186960
4	0.000000	0.275622	0.275622	409.504550
5	0.000000	0.275622	0.275622	538.176950
6	0.000000	0.275622	0.275622	634.832198
7	0.000000	0.275622	0.275622	731.429575
8	0.000000	0.275622	0.275622	828.482486
9	0.000000	0.275622	0.275622	925.371099
10	0.000000	0.275622	0.275622	1022.487642
11	0.000000	0.275622	0.275622	1119.697958
12	0.000000	0.275622	0.275622	1217.019939
13	0.000000	0.275622	0.275622	1314.101317
14	0.000000	0.275622	0.275622	1411.106045
15	0.000000	0.275622	0.275622	1508.885466
16	0.000000	0.275622	0.275622	1606.476406
17	0.000000	0.275622	0.275622	1704.840142
18	0.000000	0.275622	0.275622	1802.532462
19	0.000000	0.275622	0.275622	1901.008765
20	0.000000	0.275622	0.275622	1998.299835
21	0.000000	0.275622	0.275622	2097.163306
22	0.000000	0.275622	0.275622	2195.390464
23	0.000000	0.275622	0.275622	2294.295000
24	0.000000	0.275622	0.275622	2392.468832
25	0.000000	0.275622	0.275622	2490.359605
26	0.000000	0.275622	0.275622	2590.087752
27	0.000000	0.275622	0.275622	2688.287786
28	0.000000	0.275622	0.275622	2786.456554
29	0.000000	0.275622	0.275622	2886.723571
30	0.000000	0.275622	0.275622	2985.427005
31	0.000000	0.275622	0.275622	3084.083824
32	0.000000	0.275622	0.275622	3185.025567
33	0.000000	0.275622	0.275622	3283.535142
34	0.000000	0.275622	0.275622	3382.074042
35	0.000000	0.275622	0.275622	3483.753349
36	0.000000	0.275622	0.275622	3582.843065
37	0.000000	0.275622	0.275622	3646.378286