0	0.000000	9.562426	9.562426	30.061209
2	0.000000	1.799511	1.799511	160.001563
3	0.000000	0.307885	0.307885	287.952489
4	0.000000	0.307265	0.307265	416.466311
5	0.000000	0.307265	0.307265	545.012307
6	0.000000	0.307265	0.307265	641.482665
7	0.000000	0.307265	0.307265	738.137866
8	0.000000	0.307265	0.307265	834.495782
9	0.000000	0.307265	0.307265	931.231247
10	0.000000	0.307265	0.307265	1028.150809
11	0.000000	0.307265	0.307265	1125.153950
12	0.000000	0.307265	0.307265	1222.544118
13	0.000000	0.307265	0.307265	1319.917166
14	0.000000	0.307265	0.307265	1417.633765
15	0.000000	0.307265	0.307265	1514.727685
16	0.000000	0.307265	0.307265	1612.652307
17	0.000000	0.307265	0.307265	1710.329812
18	0.000000	0.307265	0.307265	1808.836055
19	0.000000	0.307265	0.307265	1906.643676
20	0.000000	0.307265	0.307265	2005.043425
21	0.000000	0.307265	0.307265	2102.646691
22	0.000000	0.307265	0.307265	2201.284005
23	0.000000	0.307265	0.307265	2299.023700
24	0.000000	0.307265	0.307265	2398.058369
25	0.000000	0.307265	0.307265	2495.849205
26	0.000000	0.307265	0.307265	2593.491610
27	0.000000	0.307265	0.307265	2693.162829
28	0.000000	0.307265	0.307265	2791.316654
29	0.000000	0.307265	0.307265	2889.609081
30	0.000000	0.307265	0.307265	2990.376162
31	0.000000	0.307265	0.307265	3088.710548
32	0.000000	0.307265	0.307265	3187.216125
33	0.000000	0.307265	0.307265	3288.610885
34	0.000000	0.307265	0.307265	3387.234825
35	0.000000	0.307265	0.307265	3485.962719
36	0.000000	0.307265	0.307265	3587.898360
37	0.000000	0.307265	0.307265	3620.532437