0	0.000000	10.409824	10.409824	31.097878
2	0.000000	0.425539	0.425539	130.144402
3	0.000000	0.425539	0.425539	296.360802
4	0.000000	0.425539	0.425539	428.131360
5	0.000000	0.425539	0.425539	527.744591
6	0.000000	0.425539	0.425539	626.912150
7	0.000000	0.425539	0.425539	726.802530
8	0.000000	0.425539	0.425539	826.988382
9	0.000000	0.425539	0.425539	927.516803
10	0.000000	0.425539	0.425539	1028.293393
11	0.000000	0.425539	0.425539	1128.800519
12	0.000000	0.425539	0.425539	1229.417843
13	0.000000	0.425539	0.425539	1329.647478
14	0.000000	0.425539	0.425539	1430.072956
15	0.000000	0.425539	0.425539	1529.800475
16	0.000000	0.425539	0.425539	1630.604405
17	0.000000	0.425539	0.425539	1730.896389
18	0.000000	0.425539	0.425539	1831.338231
19	0.000000	0.425539	0.425539	1931.692296
20	0.000000	0.425539	0.425539	2032.815619
21	0.000000	0.425539	0.425539	2133.391870
22	0.000000	0.425539	0.425539	2235.216135
23	0.000000	0.425539	0.425539	2335.840459
24	0.000000	0.425539	0.425539	2437.939969
25	0.000000	0.425539	0.425539	2538.605246
26	0.000000	0.425539	0.425539	2639.757785
27	0.000000	0.425539	0.425539	2742.308958
28	0.000000	0.425539	0.425539	2843.649073
29	0.000000	0.425539	0.425539	2945.089335
30	0.000000	0.425539	0.425539	3048.345617
31	0.000000	0.425539	0.425539	3149.553137
32	0.000000	0.425539	0.425539	3250.960823
33	0.000000	0.425539	0.425539	3354.850514
34	0.000000	0.425539	0.425539	3456.173878
35	0.000000	0.425539	0.425539	3557.928739
36	0.000000	0.425539	0.425539	3663.047071