0	0.000000	9.522464	9.522464	23.868235
2	0.000000	0.362956	0.362956	152.851509
3	0.000000	0.041855	0.041855	281.414459
4	0.000000	9.554501	9.554501	409.712451
5	0.000000	0.238096	0.238096	539.335099
6	0.000000	0.005790	0.005790	671.655286
7	0.000000	0.005135	0.005135	799.717785
8	0.000000	0.005135	0.005135	928.301510
9	0.000000	0.005135	0.005135	1056.177136
10	0.000000	0.005135	0.005135	1184.532765
11	0.000000	0.005135	0.005135	1312.999476
12	0.000000	0.005135	0.005135	1441.294015
13	0.000000	0.005135	0.005135	1569.867505
14	0.000000	0.005135	0.005135	1698.418427
15	0.000000	0.005135	0.005135	1826.546182
16	0.000000	0.005135	0.005135	1954.677903
17	0.000000	0.005135	0.005135	2082.517375
18	0.000000	0.005135	0.005135	2211.006065
19	0.000000	0.005135	0.005135	2339.647457
20	0.000000	0.005135	0.005135	2467.811092
21	0.000000	0.005135	0.005135	2595.951542
22	0.000000	0.005135	0.005135	2724.113518
23	0.000000	0.005135	0.005135	2852.474938
24	0.000000	0.005135	0.005135	2980.497115
25	0.000000	0.005135	0.005135	3108.468979
26	0.000000	0.005135	0.005135	3236.614949
27	0.000000	0.005135	0.005135	3364.597306
28	0.000000	0.005135	0.005135	3492.523312
29	0.000000	0.005135	0.005135	3621.091393