0	0.000000	6.842176	6.842176	5.996821
2	0.000000	6.842176	6.842176	38.515979
3	0.000000	6.842176	6.842176	70.881701
4	0.000000	6.842176	6.842176	103.235852
5	0.000000	6.842176	6.842176	135.637647
6	0.000000	6.842176	6.842176	168.090386
7	0.000000	6.842176	6.842176	200.604828
8	0.000000	6.842176	6.842176	233.070584
9	0.000000	6.842176	6.842176	265.588291
10	0.000000	6.842176	6.842176	297.988787
11	0.000000	6.842176	6.842176	330.519896
12	0.000000	6.842176	6.842176	363.013838
13	0.000000	6.842176	6.842176	395.530641
14	0.000000	6.842176	6.842176	428.038988
15	0.000000	6.842176	6.842176	460.545902
16	0.000000	6.842176	6.842176	493.111273
17	0.000000	6.842176	6.842176	525.592369
18	0.000000	6.842176	6.842176	558.022755
19	0.000000	6.842176	6.842176	590.573131
20	0.000000	6.842176	6.842176	622.974380
21	0.000000	6.842176	6.842176	655.466278
22	0.000000	6.842176	6.842176	688.002057
23	0.000000	6.842176	6.842176	720.499874
24	0.000000	6.842176	6.842176	752.969248
25	0.000000	6.842176	6.842176	785.475165
26	0.000000	6.842176	6.842176	817.890867
27	0.000000	6.842176	6.842176	850.386825
28	0.000000	6.842176	6.842176	882.849132
29	0.000000	6.842176	6.842176	915.325512
30	0.000000	6.842176	6.842176	947.864636
31	0.000000	6.842176	6.842176	980.521513
32	0.000000	6.842176	6.842176	1013.034950
33	0.000000	6.842176	6.842176	1045.411306
34	0.000000	6.842176	6.842176	1077.857280
35	0.000000	6.842176	6.842176	1110.244870
36	0.000000	6.842176	6.842176	1142.825737
37	0.000000	6.842176	6.842176	1175.355128
38	0.000000	6.842176	6.842176	1207.833596
39	0.000000	6.842176	6.842176	1240.417650
40	0.000000	6.842176	6.842176	1272.894795
41	0.000000	6.842176	6.842176	1305.400958
42	0.000000	6.842176	6.842176	1337.943844
43	0.000000	6.842176	6.842176	1370.682222
44	0.000000	6.842176	6.842176	1403.252095
45	0.000000	6.842176	6.842176	1435.796714
46	0.000000	6.842176	6.842176	1468.342460
47	0.000000	6.842176	6.842176	1500.818957
48	0.000000	6.842176	6.842176	1533.210242
49	0.000000	6.842176	6.842176	1565.720345
50	0.000000	6.842176	6.842176	1598.226481
51	0.000000	6.842176	6.842176	1630.720170
52	0.000000	6.842176	6.842176	1663.149943
53	0.000000	6.842176	6.842176	1695.647615
54	0.000000	6.842176	6.842176	1728.086002
55	0.000000	6.842176	6.842176	1760.620834
56	0.000000	6.842176	6.842176	1793.180198
57	0.000000	6.842176	6.842176	1825.582612
58	0.000000	6.842176	6.842176	1858.210675
59	0.000000	6.842176	6.842176	1890.676596
60	0.000000	6.842176	6.842176	1923.137947
61	0.000000	6.842176	6.842176	1955.731493
62	0.000000	6.842176	6.842176	1988.185858
63	0.000000	6.842176	6.842176	2020.680036
64	0.000000	6.842176	6.842176	2053.231442
65	0.000000	6.842176	6.842176	2085.753404
66	0.000000	6.842176	6.842176	2118.294645
67	0.000000	6.842176	6.842176	2150.910502
68	0.000000	6.842176	6.842176	2183.514257
69	0.000000	6.842176	6.842176	2216.087146
70	0.000000	6.842176	6.842176	2248.723902
71	0.000000	6.842176	6.842176	2281.247790
72	0.000000	6.842176	6.842176	2313.827735
73	0.000000	6.842176	6.842176	2346.300726
74	0.000000	6.842176	6.842176	2378.782193
75	0.000000	6.842176	6.842176	2411.371354
76	0.000000	6.842176	6.842176	2443.926717
77	0.000000	6.842176	6.842176	2476.460496
78	0.000000	6.842176	6.842176	2508.973472
79	0.000000	6.842176	6.842176	2541.541637
80	0.000000	6.842176	6.842176	2574.119533
81	0.000000	6.842176	6.842176	2606.733701
82	0.000000	6.842176	6.842176	2639.294746
83	0.000000	6.842176	6.842176	2671.806954
84	0.000000	6.842176	6.842176	2704.288676
85	0.000000	6.842176	6.842176	2736.809663
86	0.000000	6.842176	6.842176	2769.281406
87	0.000000	6.842176	6.842176	2801.770276
88	0.000000	6.842176	6.842176	2834.291105
89	0.000000	6.842176	6.842176	2866.719385
90	0.000000	6.842176	6.842176	2899.138940
91	0.000000	6.842176	6.842176	2931.611415
92	0.000000	6.842176	6.842176	2964.163879
93	0.000000	6.842176	6.842176	2996.601152
94	0.000000	6.842176	6.842176	3029.152541
95	0.000000	6.842176	6.842176	3061.610818
96	0.000000	6.842176	6.842176	3094.146237
97	0.000000	6.842176	6.842176	3126.686951
98	0.000000	6.842176	6.842176	3159.202580
99	0.000000	6.842176	6.842176	3191.666826
100	0.000000	6.842176	6.842176	3224.149458
101	0.000000	6.842176	6.842176	3256.533745
102	0.000000	6.842176	6.842176	3288.520167
103	0.000000	6.842176	6.842176	3320.704314
104	0.000000	6.842176	6.842176	3352.848292
105	0.000000	6.842176	6.842176	3384.962805
106	0.000000	6.842176	6.842176	3417.076370
107	0.000000	6.842176	6.842176	3449.214105
108	0.000000	6.842176	6.842176	3481.339880
109	0.000000	6.842176	6.842176	3513.584952
110	0.000000	6.842176	6.842176	3545.745127
111	0.000000	6.842176	6.842176	3578.019334
112	0.000000	6.842176	6.842176	3610.167820

0.000000	3610.168898
Agent policy:
  Deterministic policy v119_a0 --> 1.0
Nature policy:
  Environment 0, State 24 --> 0.534545
  Environment 0, State 7 --> 0.465455
  Environment 0, State 31 --> 0.0