0	0.000000	7.706794	7.706794	6.019917
2	0.000000	7.706794	7.706794	39.906446
3	0.000000	7.706794	7.706794	73.755533
4	0.000000	7.706794	7.706794	107.607044
5	0.000000	7.706794	7.706794	141.424361
6	0.000000	7.706794	7.706794	175.519341
7	0.000000	7.706794	7.706794	209.520521
8	0.000000	7.706794	7.706794	243.409751
9	0.000000	7.706794	7.706794	277.233989
10	0.000000	7.706794	7.706794	311.036193
11	0.000000	7.706794	7.706794	345.006448
12	0.000000	7.706794	7.706794	379.141294
13	0.000000	7.706794	7.706794	413.152617
14	0.000000	7.706794	7.706794	447.241208
15	0.000000	7.706794	7.706794	481.175242
16	0.000000	7.706794	7.706794	515.093258
17	0.000000	7.706794	7.706794	549.114539
18	0.000000	7.706794	7.706794	583.121260
19	0.000000	7.706794	7.706794	616.992720
20	0.000000	7.706794	7.706794	650.937469
21	0.000000	7.706794	7.706794	684.936885
22	0.000000	7.706794	7.706794	718.854355
23	0.000000	7.706794	7.706794	752.619232
24	0.000000	7.706794	7.706794	786.472614
25	0.000000	7.706794	7.706794	820.344284
26	0.000000	7.706794	7.706794	854.226715
27	0.000000	7.706794	7.706794	887.934752
28	0.000000	7.706794	7.706794	921.740641
29	0.000000	7.706794	7.706794	955.649678
30	0.000000	7.706794	7.706794	989.548713
31	0.000000	7.706794	7.706794	1023.337120
32	0.000000	7.706794	7.706794	1057.075712
33	0.000000	7.706794	7.706794	1090.997831
34	0.000000	7.706794	7.706794	1124.766850
35	0.000000	7.706794	7.706794	1158.688784
36	0.000000	7.706794	7.706794	1192.660884
37	0.000000	7.706794	7.706794	1226.454772
38	0.000000	7.706794	7.706794	1260.350698
39	0.000000	7.706794	7.706794	1294.327204
40	0.000000	7.706794	7.706794	1328.216538
41	0.000000	7.706794	7.706794	1362.009072
42	0.000000	7.706794	7.706794	1395.799739
43	0.000000	7.706794	7.706794	1429.642446
44	0.000000	7.706794	7.706794	1463.399957
45	0.000000	7.706794	7.706794	1497.299712
46	0.000000	7.706794	7.706794	1531.242758
47	0.000000	7.706794	7.706794	1565.127814
48	0.000000	7.706794	7.706794	1598.892235
49	0.000000	7.706794	7.706794	1632.829332
50	0.000000	7.706794	7.706794	1666.523751
51	0.000000	7.706794	7.706794	1700.363033
52	0.000000	7.706794	7.706794	1734.181752
53	0.000000	7.706794	7.706794	1767.979998
54	0.000000	7.706794	7.706794	1801.705879
55	0.000000	7.706794	7.706794	1835.595905
56	0.000000	7.706794	7.706794	1869.359484
57	0.000000	7.706794	7.706794	1903.260991
58	0.000000	7.706794	7.706794	1937.024676
59	0.000000	7.706794	7.706794	1970.985713
60	0.000000	7.706794	7.706794	2004.626491
61	0.000000	7.706794	7.706794	2038.292967
62	0.000000	7.706794	7.706794	2072.086311
63	0.000000	7.706794	7.706794	2105.759443
64	0.000000	7.706794	7.706794	2139.530312
65	0.000000	7.706794	7.706794	2173.302931
66	0.000000	7.706794	7.706794	2207.086660
67	0.000000	7.706794	7.706794	2240.808831
68	0.000000	7.706794	7.706794	2274.515371
69	0.000000	7.706794	7.706794	2308.309559
70	0.000000	7.706794	7.706794	2341.993243
71	0.000000	7.706794	7.706794	2375.757851
72	0.000000	7.706794	7.706794	2409.492272
73	0.000000	7.706794	7.706794	2443.442488
74	0.000000	7.706794	7.706794	2477.177491
75	0.000000	7.706794	7.706794	2510.893636
76	0.000000	7.706794	7.706794	2544.849314
77	0.000000	7.706794	7.706794	2578.911061
78	0.000000	7.706794	7.706794	2612.935963
79	0.000000	7.706794	7.706794	2646.875903
80	0.000000	7.706794	7.706794	2680.757987
81	0.000000	7.706794	7.706794	2714.522353
82	0.000000	7.706794	7.706794	2748.378399
83	0.000000	7.706794	7.706794	2782.227490
84	0.000000	7.706794	7.706794	2815.987561
85	0.000000	7.706794	7.706794	2849.661986
86	0.000000	7.706794	7.706794	2883.426295
87	0.000000	7.706794	7.706794	2917.235543
88	0.000000	7.706794	7.706794	2951.093404
89	0.000000	7.706794	7.706794	2984.860442
90	0.000000	7.706794	7.706794	3018.571617
91	0.000000	7.706794	7.706794	3052.389834
92	0.000000	7.706794	7.706794	3086.260029
93	0.000000	7.706794	7.706794	3120.172506
94	0.000000	7.706794	7.706794	3154.069335
95	0.000000	7.706794	7.706794	3188.112113
96	0.000000	7.706794	7.706794	3221.942392
97	0.000000	7.706794	7.706794	3255.861634
98	0.000000	7.706794	7.706794	3289.679176
99	0.000000	7.706794	7.706794	3323.529832
100	0.000000	7.706794	7.706794	3357.181106
101	0.000000	7.706794	7.706794	3391.117127
102	0.000000	7.706794	7.706794	3425.003946
103	0.000000	7.706794	7.706794	3458.944091
104	0.000000	7.706794	7.706794	3492.951028
105	0.000000	7.706794	7.706794	3526.796569
106	0.000000	7.706794	7.706794	3560.600599
107	0.000000	7.706794	7.706794	3594.580528
108	0.000000	7.706794	7.706794	3628.288512

0.000000	3628.288908
Agent policy:
  Deterministic policy v115_a0 --> 1.0
Nature policy:
  Environment 0, State 19 --> 0.475728
  Environment 0, State 7 --> 0.524272
  Environment 0, State 31 --> 0.0