0	0.000000	9.562426	9.562426	29.811451
2	0.000000	1.799511	1.799511	159.329490
3	0.000000	0.307885	0.307885	286.888755
4	0.000000	0.307265	0.307265	414.838747
5	0.000000	0.307265	0.307265	542.785829
6	0.000000	0.307265	0.307265	638.850682
7	0.000000	0.307265	0.307265	735.128168
8	0.000000	0.307265	0.307265	831.522522
9	0.000000	0.307265	0.307265	927.994426
10	0.000000	0.307265	0.307265	1024.369964
11	0.000000	0.307265	0.307265	1120.908176
12	0.000000	0.307265	0.307265	1217.716024
13	0.000000	0.307265	0.307265	1315.047805
14	0.000000	0.307265	0.307265	1412.328950
15	0.000000	0.307265	0.307265	1509.181197
16	0.000000	0.307265	0.307265	1606.745631
17	0.000000	0.307265	0.307265	1703.893893
18	0.000000	0.307265	0.307265	1801.799076
19	0.000000	0.307265	0.307265	1899.098662
20	0.000000	0.307265	0.307265	1997.425618
21	0.000000	0.307265	0.307265	2094.476691
22	0.000000	0.307265	0.307265	2192.706449
23	0.000000	0.307265	0.307265	2289.940256
24	0.000000	0.307265	0.307265	2388.764230
25	0.000000	0.307265	0.307265	2486.234271
26	0.000000	0.307265	0.307265	2583.957459
27	0.000000	0.307265	0.307265	2683.124193
28	0.000000	0.307265	0.307265	2780.910429
29	0.000000	0.307265	0.307265	2878.772371
30	0.000000	0.307265	0.307265	2978.867913
31	0.000000	0.307265	0.307265	3076.772134
32	0.000000	0.307265	0.307265	3174.705304
33	0.000000	0.307265	0.307265	3275.505385
34	0.000000	0.307265	0.307265	3374.009953
35	0.000000	0.307265	0.307265	3472.458631
36	0.000000	0.307265	0.307265	3574.004781
37	0.000000	0.307265	0.307265	3672.808387