0	0.000000	5.880000	5.880000	5.981287
2	0.000000	5.880000	5.880000	38.595184
3	0.000000	5.880000	5.880000	71.193624
4	0.000000	5.880000	5.880000	103.725650
5	0.000000	5.880000	5.880000	136.048933
6	0.000000	5.880000	5.880000	168.619262
7	0.000000	5.880000	5.880000	201.139131
8	0.000000	5.880000	5.880000	233.696841
9	0.000000	5.880000	5.880000	266.225246
10	0.000000	5.880000	5.880000	298.760305
11	0.000000	5.880000	5.880000	331.361747
12	0.000000	5.880000	5.880000	363.960570
13	0.000000	5.880000	5.880000	396.493346
14	0.000000	5.880000	5.880000	429.079676
15	0.000000	5.880000	5.880000	461.614266
16	0.000000	5.880000	5.880000	494.088959
17	0.000000	5.880000	5.880000	526.640913
18	0.000000	5.880000	5.880000	559.080856
19	0.000000	5.880000	5.880000	591.643928
20	0.000000	5.880000	5.880000	624.185071
21	0.000000	5.880000	5.880000	656.726485
22	0.000000	5.880000	5.880000	689.215943
23	0.000000	5.880000	5.880000	721.839135
24	0.000000	5.880000	5.880000	754.268531
25	0.000000	5.880000	5.880000	786.701398
26	0.000000	5.880000	5.880000	819.072467
27	0.000000	5.880000	5.880000	851.519356
28	0.000000	5.880000	5.880000	883.894010
29	0.000000	5.880000	5.880000	916.357165
30	0.000000	5.880000	5.880000	948.730773
31	0.000000	5.880000	5.880000	981.072229
32	0.000000	5.880000	5.880000	1013.448869
33	0.000000	5.880000	5.880000	1045.810034
34	0.000000	5.880000	5.880000	1078.077011
35	0.000000	5.880000	5.880000	1110.380767
36	0.000000	5.880000	5.880000	1142.697160
37	0.000000	5.880000	5.880000	1175.085145
38	0.000000	5.880000	5.880000	1207.414967
39	0.000000	5.880000	5.880000	1239.772770
40	0.000000	5.880000	5.880000	1272.179259
41	0.000000	5.880000	5.880000	1304.655174
42	0.000000	5.880000	5.880000	1337.035694
43	0.000000	5.880000	5.880000	1369.442626
44	0.000000	5.880000	5.880000	1401.783868
45	0.000000	5.880000	5.880000	1434.140275
46	0.000000	5.880000	5.880000	1466.497793
47	0.000000	5.880000	5.880000	1498.893921
48	0.000000	5.880000	5.880000	1531.303252
49	0.000000	5.880000	5.880000	1563.858347
50	0.000000	5.880000	5.880000	1596.274535
51	0.000000	5.880000	5.880000	1628.716447
52	0.000000	5.880000	5.880000	1661.261257
53	0.000000	5.880000	5.880000	1693.707072
54	0.000000	5.880000	5.880000	1726.109357
55	0.000000	5.880000	5.880000	1758.519284
56	0.000000	5.880000	5.880000	1791.007783
57	0.000000	5.880000	5.880000	1823.492806
58	0.000000	5.880000	5.880000	1855.920266
59	0.000000	5.880000	5.880000	1888.378236
60	0.000000	5.880000	5.880000	1920.733780
61	0.000000	5.880000	5.880000	1953.101032
62	0.000000	5.880000	5.880000	1985.521117
63	0.000000	5.880000	5.880000	2017.929381
64	0.000000	5.880000	5.880000	2050.337284
65	0.000000	5.880000	5.880000	2082.833680
66	0.000000	5.880000	5.880000	2115.341016
67	0.000000	5.880000	5.880000	2147.748288
68	0.000000	5.880000	5.880000	2180.178623
69	0.000000	5.880000	5.880000	2212.570626
70	0.000000	5.880000	5.880000	2244.931108
71	0.000000	5.880000	5.880000	2277.405142
72	0.000000	5.880000	5.880000	2309.865364
73	0.000000	5.880000	5.880000	2342.321716
74	0.000000	5.880000	5.880000	2374.782426
75	0.000000	5.880000	5.880000	2407.323257
76	0.000000	5.880000	5.880000	2439.715987
77	0.000000	5.880000	5.880000	2472.083905
78	0.000000	5.880000	5.880000	2504.539632
79	0.000000	5.880000	5.880000	2536.958081
80	0.000000	5.880000	5.880000	2569.384285
81	0.000000	5.880000	5.880000	2601.893507
82	0.000000	5.880000	5.880000	2634.430001
83	0.000000	5.880000	5.880000	2666.877799
84	0.000000	5.880000	5.880000	2699.295963
85	0.000000	5.880000	5.880000	2731.690847
86	0.000000	5.880000	5.880000	2764.090515
87	0.000000	5.880000	5.880000	2796.539414
88	0.000000	5.880000	5.880000	2828.923578
89	0.000000	5.880000	5.880000	2861.272549
90	0.000000	5.880000	5.880000	2893.643861
91	0.000000	5.880000	5.880000	2926.112887
92	0.000000	5.880000	5.880000	2958.698478
93	0.000000	5.880000	5.880000	2991.299191
94	0.000000	5.880000	5.880000	3023.642648
95	0.000000	5.880000	5.880000	3056.011938
96	0.000000	5.880000	5.880000	3088.383924
97	0.000000	5.880000	5.880000	3120.854458
98	0.000000	5.880000	5.880000	3153.165786
99	0.000000	5.880000	5.880000	3185.714016
100	0.000000	5.880000	5.880000	3218.155343
101	0.000000	5.880000	5.880000	3250.502409
102	0.000000	5.880000	5.880000	3282.991565
103	0.000000	5.880000	5.880000	3315.414822
104	0.000000	5.880000	5.880000	3347.787422
105	0.000000	5.880000	5.880000	3380.152534
106	0.000000	5.880000	5.880000	3412.636686
107	0.000000	5.880000	5.880000	3444.951371
108	0.000000	5.880000	5.880000	3477.348993
109	0.000000	5.880000	5.880000	3509.772434
110	0.000000	5.880000	5.880000	3542.143497
111	0.000000	5.880000	5.880000	3574.559425
112	0.000000	5.880000	5.880000	3606.856818

0.000000	3606.857226
Agent policy:
  Deterministic policy v119_a0 --> 1.0
Nature policy:
  Environment 0, State 33 --> 0.6
  Environment 0, State 19 --> 0.0
  Environment 0, State 7 --> 0.4