0	0.000000	10.366268	10.366268	18.006563
2	0.000000	0.434824	0.434824	113.755056
3	0.000000	0.065956	0.065956	208.809091
4	0.000000	0.064845	0.064845	304.878326
5	0.000000	0.064845	0.064845	401.057466
6	0.000000	0.064845	0.064845	497.176644
7	0.000000	0.064845	0.064845	593.355500
8	0.000000	0.064845	0.064845	689.579798
9	0.000000	0.064845	0.064845	785.893854
10	0.000000	0.064845	0.064845	881.960871
11	0.000000	0.064845	0.064845	977.798752
12	0.000000	0.064845	0.064845	1073.710339
13	0.000000	0.064845	0.064845	1169.264309
14	0.000000	0.064845	0.064845	1265.171109
15	0.000000	0.064845	0.064845	1360.726480
16	0.000000	0.064845	0.064845	1456.360161
17	0.000000	0.064845	0.064845	1552.126562
18	0.000000	0.064845	0.064845	1647.830222
19	0.000000	0.064845	0.064845	1743.361790
20	0.000000	0.064845	0.064845	1839.281039
21	0.000000	0.064845	0.064845	1934.916315
22	0.000000	0.064845	0.064845	2030.650876
23	0.000000	0.064845	0.064845	2126.142950
24	0.000000	0.064845	0.064845	2222.051199
25	0.000000	0.064845	0.064845	2317.740672
26	0.000000	0.064845	0.064845	2413.498767
27	0.000000	0.064845	0.064845	2508.947290
28	0.000000	0.064845	0.064845	2604.476260
29	0.000000	0.064845	0.064845	2700.160290
30	0.000000	0.064845	0.064845	2795.918360
31	0.000000	0.064845	0.064845	2891.778559
32	0.000000	0.064845	0.064845	2987.430009
33	0.000000	0.064845	0.064845	3083.002058
34	0.000000	0.064845	0.064845	3178.752676
35	0.000000	0.064845	0.064845	3274.503570
36	0.000000	0.064845	0.064845	3370.029839
37	0.000000	0.064845	0.064845	3465.826722
38	0.000000	0.064845	0.064845	3561.366591
39	0.000000	0.064845	0.064845	3657.086001

