0	0.000000	10.410062	10.410062	35.868922
2	0.000000	0.425478	0.425478	133.323256
3	0.000000	0.058220	0.058220	229.048070
4	0.000000	0.058220	0.058220	324.849187
5	0.000000	0.058220	0.058220	389.150889
6	0.000000	0.058220	0.058220	453.563155
7	0.000000	0.058220	0.058220	517.911488
8	0.000000	0.058220	0.058220	582.348209
9	0.000000	0.058220	0.058220	646.647705
10	0.000000	0.058220	0.058220	710.905511
11	0.000000	0.058220	0.058220	774.998001
12	0.000000	0.058220	0.058220	839.363221
13	0.000000	0.058220	0.058220	903.785170
14	0.000000	0.058220	0.058220	968.091011
15	0.000000	0.058220	0.058220	1032.431930
16	0.000000	0.058220	0.058220	1096.718465
17	0.000000	0.058220	0.058220	1160.939315
18	0.000000	0.058220	0.058220	1225.251485
19	0.000000	0.058220	0.058220	1289.338171
20	0.000000	0.058220	0.058220	1353.523713
21	0.000000	0.058220	0.058220	1417.754329
22	0.000000	0.058220	0.058220	1482.173659
23	0.000000	0.058220	0.058220	1546.472180
24	0.000000	0.058220	0.058220	1610.850966
25	0.000000	0.058220	0.058220	1675.037930
26	0.000000	0.058220	0.058220	1739.371004
27	0.000000	0.058220	0.058220	1803.623033
28	0.000000	0.058220	0.058220	1867.931108
29	0.000000	0.058220	0.058220	1932.260292
30	0.000000	0.058220	0.058220	1996.623462
31	0.000000	0.058220	0.058220	2060.947157
32	0.000000	0.058220	0.058220	2125.114058
33	0.000000	0.058220	0.058220	2189.351779
34	0.000000	0.058220	0.058220	2253.655063
35	0.000000	0.058220	0.058220	2317.861534
36	0.000000	0.058220	0.058220	2382.073390
37	0.000000	0.058220	0.058220	2446.394327
38	0.000000	0.058220	0.058220	2510.726117
39	0.000000	0.058220	0.058220	2574.957301
40	0.000000	0.058220	0.058220	2639.329743
41	0.000000	0.058220	0.058220	2703.857902
42	0.000000	0.058220	0.058220	2768.198428
43	0.000000	0.058220	0.058220	2832.365978
44	0.000000	0.058220	0.058220	2896.680266
45	0.000000	0.058220	0.058220	2961.129544
46	0.000000	0.058220	0.058220	3025.559705
47	0.000000	0.058220	0.058220	3089.732508
48	0.000000	0.058220	0.058220	3154.302439
49	0.000000	0.058220	0.058220	3218.618312
50	0.000000	0.058220	0.058220	3282.953648
51	0.000000	0.058220	0.058220	3347.354268
52	0.000000	0.058220	0.058220	3411.605774
53	0.000000	0.058220	0.058220	3476.056879
54	0.000000	0.058220	0.058220	3540.294439
55	0.000000	0.058220	0.058220	3604.673850