0	0.000000	9.559193	9.559193	23.751316
2	0.000000	1.801674	1.801674	151.392554
3	0.000000	0.283536	0.283536	278.305535
4	0.000000	0.245361	0.245361	405.335497
5	0.000000	0.245361	0.245361	532.728908
6	0.000000	0.245361	0.245361	628.222060
7	0.000000	0.245361	0.245361	723.728402
8	0.000000	0.245361	0.245361	819.698116
9	0.000000	0.245361	0.245361	916.001041
10	0.000000	0.245361	0.245361	1011.913048
11	0.000000	0.245361	0.245361	1108.516901
12	0.000000	0.245361	0.245361	1205.223706
13	0.000000	0.245361	0.245361	1301.876122
14	0.000000	0.245361	0.245361	1398.131593
15	0.000000	0.245361	0.245361	1495.180537
16	0.000000	0.245361	0.245361	1591.817665
17	0.000000	0.245361	0.245361	1689.471414
18	0.000000	0.245361	0.245361	1786.290185
19	0.000000	0.245361	0.245361	1883.724298
20	0.000000	0.245361	0.245361	1980.719434
21	0.000000	0.245361	0.245361	2078.803367
22	0.000000	0.245361	0.245361	2175.621735
23	0.000000	0.245361	0.245361	2273.551728
24	0.000000	0.245361	0.245361	2370.710011
25	0.000000	0.245361	0.245361	2467.723762
26	0.000000	0.245361	0.245361	2566.686009
27	0.000000	0.245361	0.245361	2664.061218
28	0.000000	0.245361	0.245361	2761.104322
29	0.000000	0.245361	0.245361	2860.586379
30	0.000000	0.245361	0.245361	2957.921997
31	0.000000	0.245361	0.245361	3055.115030
32	0.000000	0.245361	0.245361	3154.912695
33	0.000000	0.245361	0.245361	3252.486127
34	0.000000	0.245361	0.245361	3349.868082
35	0.000000	0.245361	0.245361	3450.659828
36	0.000000	0.245361	0.245361	3548.539054
37	0.000000	0.245361	0.245361	3646.813632