0	0.000000	9.562645	9.562645	35.849211
2	0.000000	1.782093	1.782093	134.488155
3	0.000000	0.308439	0.308439	230.526340
4	0.000000	0.308439	0.308439	294.656950
5	0.000000	0.308439	0.308439	359.005299
6	0.000000	0.308439	0.308439	423.464765
7	0.000000	0.308439	0.308439	487.462679
8	0.000000	0.308439	0.308439	551.619650
9	0.000000	0.308439	0.308439	615.720388
10	0.000000	0.308439	0.308439	679.738790
11	0.000000	0.308439	0.308439	744.019328
12	0.000000	0.308439	0.308439	808.051272
13	0.000000	0.308439	0.308439	872.244533
14	0.000000	0.308439	0.308439	936.635156
15	0.000000	0.308439	0.308439	1000.752771
16	0.000000	0.308439	0.308439	1065.054914
17	0.000000	0.308439	0.308439	1129.528642
18	0.000000	0.308439	0.308439	1193.838295
19	0.000000	0.308439	0.308439	1257.914607
20	0.000000	0.308439	0.308439	1322.135146
21	0.000000	0.308439	0.308439	1386.301577
22	0.000000	0.308439	0.308439	1450.447869
23	0.000000	0.308439	0.308439	1514.759812
24	0.000000	0.308439	0.308439	1578.841548
25	0.000000	0.308439	0.308439	1642.822910
26	0.000000	0.308439	0.308439	1706.981452
27	0.000000	0.308439	0.308439	1771.320997
28	0.000000	0.308439	0.308439	1835.716758
29	0.000000	0.308439	0.308439	1899.727289
30	0.000000	0.308439	0.308439	1964.171082
31	0.000000	0.308439	0.308439	2028.243963
32	0.000000	0.308439	0.308439	2092.651832
33	0.000000	0.308439	0.308439	2156.668443
34	0.000000	0.308439	0.308439	2220.953179
35	0.000000	0.308439	0.308439	2284.885263
36	0.000000	0.308439	0.308439	2348.976970
37	0.000000	0.308439	0.308439	2413.101502
38	0.000000	0.308439	0.308439	2477.263578
39	0.000000	0.308439	0.308439	2541.365405
40	0.000000	0.308439	0.308439	2605.550439
41	0.000000	0.308439	0.308439	2669.685036
42	0.000000	0.308439	0.308439	2733.783278
43	0.000000	0.308439	0.308439	2798.003650
44	0.000000	0.308439	0.308439	2862.148482
45	0.000000	0.308439	0.308439	2926.352209
46	0.000000	0.308439	0.308439	2990.461653
47	0.000000	0.308439	0.308439	3054.809526
48	0.000000	0.308439	0.308439	3119.011343
49	0.000000	0.308439	0.308439	3183.407826
50	0.000000	0.308439	0.308439	3247.542994
51	0.000000	0.308439	0.308439	3311.665633
52	0.000000	0.308439	0.308439	3375.891774
53	0.000000	0.308439	0.308439	3440.117107
54	0.000000	0.308439	0.308439	3504.381670
55	0.000000	0.308439	0.308439	3568.449377
56	0.000000	0.308439	0.308439	3632.814148