0	0.000000	9.562029	9.562029	35.970266
2	0.000000	0.365430	0.365430	237.512860
3	0.000000	0.044894	0.044894	398.010023
4	0.000000	0.006159	0.006159	559.359959
5	0.000000	0.005699	0.005699	689.008840
6	0.000000	0.005279	0.005279	820.318127
7	0.000000	0.004699	0.004699	982.385689
8	0.000000	0.004699	0.004699	1144.826132
9	0.000000	0.004699	0.004699	1274.334886
10	0.000000	0.004699	0.004699	1404.046145
11	0.000000	0.004699	0.004699	1533.821501
12	0.000000	0.004699	0.004699	1663.043530
13	0.000000	0.004699	0.004699	1793.270244
14	0.000000	0.004699	0.004699	1922.814716
15	0.000000	0.004699	0.004699	2052.284157
16	0.000000	0.004699	0.004699	2181.690768
17	0.000000	0.004699	0.004699	2311.263545
18	0.000000	0.004699	0.004699	2440.469076
19	0.000000	0.004699	0.004699	2570.689050
20	0.000000	0.004699	0.004699	2700.620815
21	0.000000	0.004699	0.004699	2830.303458
22	0.000000	0.004699	0.004699	2960.264348
23	0.000000	0.004699	0.004699	3089.852057
24	0.000000	0.004699	0.004699	3219.000832
25	0.000000	0.004699	0.004699	3348.428888
26	0.000000	0.004699	0.004699	3478.127695
27	0.000000	0.004699	0.004699	3607.945603