0	0.000000	10.410011	10.410011	23.893436
2	0.000000	2.739831	2.739831	88.296378
3	0.000000	2.639832	2.639832	151.483333
4	0.000000	2.639832	2.639832	214.692407
5	0.000000	2.639832	2.639832	246.193930
6	0.000000	2.639832	2.639832	277.648539
7	0.000000	2.639832	2.639832	309.001229
8	0.000000	2.639832	2.639832	340.327769
9	0.000000	2.639832	2.639832	371.767497
10	0.000000	2.639832	2.639832	403.196867
11	0.000000	2.639832	2.639832	434.750814
12	0.000000	2.639832	2.639832	466.211486
13	0.000000	2.639832	2.639832	497.747641
14	0.000000	2.639832	2.639832	529.203677
15	0.000000	2.639832	2.639832	560.643710
16	0.000000	2.639832	2.639832	592.008042
17	0.000000	2.639832	2.639832	623.329988
18	0.000000	2.639832	2.639832	654.786373
19	0.000000	2.639832	2.639832	686.230838
20	0.000000	2.639832	2.639832	717.584707
21	0.000000	2.639832	2.639832	749.024675
22	0.000000	2.639832	2.639832	780.357031
23	0.000000	2.639832	2.639832	811.731743
24	0.000000	2.639832	2.639832	843.176043
25	0.000000	2.639832	2.639832	874.629885
26	0.000000	2.639832	2.639832	906.003674
27	0.000000	2.639832	2.639832	937.357388
28	0.000000	2.639832	2.639832	968.843288
29	0.000000	2.639832	2.639832	1000.231202
30	0.000000	2.639832	2.639832	1031.521182
31	0.000000	2.639832	2.639832	1063.089130
32	0.000000	2.639832	2.639832	1094.466353
33	0.000000	2.639832	2.639832	1125.901028
34	0.000000	2.639832	2.639832	1157.136212
35	0.000000	2.639832	2.639832	1188.522547
36	0.000000	2.639832	2.639832	1219.870743
37	0.000000	2.639832	2.639832	1251.279089
38	0.000000	2.639832	2.639832	1282.664245
39	0.000000	2.639832	2.639832	1314.094339
40	0.000000	2.639832	2.639832	1345.392255
41	0.000000	2.639832	2.639832	1376.912352
42	0.000000	2.639832	2.639832	1408.392448
43	0.000000	2.639832	2.639832	1439.796188
44	0.000000	2.639832	2.639832	1471.239948
45	0.000000	2.639832	2.639832	1502.639673
46	0.000000	2.639832	2.639832	1534.085075
47	0.000000	2.639832	2.639832	1565.453612
48	0.000000	2.639832	2.639832	1596.773826
49	0.000000	2.639832	2.639832	1628.138535
50	0.000000	2.639832	2.639832	1659.608703
51	0.000000	2.639832	2.639832	1691.070709
52	0.000000	2.639832	2.639832	1722.470755
53	0.000000	2.639832	2.639832	1753.822716
54	0.000000	2.639832	2.639832	1785.238004
55	0.000000	2.639832	2.639832	1816.671101
56	0.000000	2.639832	2.639832	1847.987391
57	0.000000	2.639832	2.639832	1879.471941
58	0.000000	2.639832	2.639832	1910.813509
59	0.000000	2.639832	2.639832	1942.158143
60	0.000000	2.639832	2.639832	1973.476373
61	0.000000	2.639832	2.639832	2004.804343
62	0.000000	2.639832	2.639832	2036.022469
63	0.000000	2.639832	2.639832	2067.413535
64	0.000000	2.639832	2.639832	2098.752127
65	0.000000	2.639832	2.639832	2130.102920
66	0.000000	2.639832	2.639832	2161.439620
67	0.000000	2.639832	2.639832	2192.849177
68	0.000000	2.639832	2.639832	2224.228974
69	0.000000	2.639832	2.639832	2255.616786
70	0.000000	2.639832	2.639832	2287.044853
71	0.000000	2.639832	2.639832	2318.449066
72	0.000000	2.639832	2.639832	2349.819995
73	0.000000	2.639832	2.639832	2381.210207
74	0.000000	2.639832	2.639832	2412.603126
75	0.000000	2.639832	2.639832	2444.174615
76	0.000000	2.639832	2.639832	2475.734411
77	0.000000	2.639832	2.639832	2507.108400
78	0.000000	2.639832	2.639832	2538.393315
79	0.000000	2.639832	2.639832	2569.862746
80	0.000000	2.639832	2.639832	2601.464370
81	0.000000	2.639832	2.639832	2632.899561
82	0.000000	2.639832	2.639832	2664.237689
83	0.000000	2.639832	2.639832	2695.785496
84	0.000000	2.639832	2.639832	2727.117216
85	0.000000	2.639832	2.639832	2758.515079
86	0.000000	2.639832	2.639832	2789.875495
87	0.000000	2.639832	2.639832	2821.409231
88	0.000000	2.639832	2.639832	2852.770838
89	0.000000	2.639832	2.639832	2884.280545
90	0.000000	2.639832	2.639832	2915.765538
91	0.000000	2.639832	2.639832	2947.198755
92	0.000000	2.639832	2.639832	2978.541004
93	0.000000	2.639832	2.639832	3010.089425
94	0.000000	2.639832	2.639832	3041.682049
95	0.000000	2.639832	2.639832	3073.020666
96	0.000000	2.639832	2.639832	3104.484859
97	0.000000	2.639832	2.639832	3135.815937
98	0.000000	2.639832	2.639832	3167.258058
99	0.000000	2.639832	2.639832	3198.638053
100	0.000000	2.639832	2.639832	3229.988708
101	0.000000	2.639832	2.639832	3261.339530
102	0.000000	2.639832	2.639832	3292.812457
103	0.000000	2.639832	2.639832	3324.250103
104	0.000000	2.639832	2.639832	3355.554111
105	0.000000	2.639832	2.639832	3386.990463
106	0.000000	2.639832	2.639832	3418.495030
107	0.000000	2.639832	2.639832	3449.984661
108	0.000000	2.639832	2.639832	3481.358621
109	0.000000	2.639832	2.639832	3512.832989
110	0.000000	2.639832	2.639832	3544.197391
111	0.000000	2.639832	2.639832	3575.505129
112	0.000000	2.639832	2.639832	3606.856964