0	0.000000	9.557400	9.557400	29.803402
2	0.000000	0.360447	0.360447	158.648246
3	0.000000	0.033362	0.033362	317.795578
4	0.000000	0.033362	0.033362	478.548701
5	0.000000	0.033362	0.033362	639.413815
6	0.000000	0.033362	0.033362	800.301393
7	0.000000	0.033362	0.033362	961.088313
8	0.000000	0.033362	0.033362	1122.221981
9	0.000000	0.033362	0.033362	1283.002747
10	0.000000	0.033362	0.033362	1444.697193
11	0.000000	0.033362	0.033362	1606.072220
12	0.000000	0.033362	0.033362	1767.381679
13	0.000000	0.033362	0.033362	1929.247194
14	0.000000	0.033362	0.033362	2091.133094
15	0.000000	0.033362	0.033362	2253.504309
16	0.000000	0.033362	0.033362	2414.757258
17	0.000000	0.033362	0.033362	2577.056380
18	0.000000	0.033362	0.033362	2738.903198
19	0.000000	0.033362	0.033362	2901.535587
20	0.000000	0.033362	0.033362	3062.871813
21	0.000000	0.033362	0.033362	3225.898166
22	0.000000	0.033362	0.033362	3387.943681
23	0.000000	0.033362	0.033362	3551.032820
24	0.000000	0.033362	0.033362	3681.427306