0	0.000000	5.880000	5.880000	6.026226
2	0.000000	5.880000	5.880000	38.804340
3	0.000000	5.880000	5.880000	71.526363
4	0.000000	5.880000	5.880000	104.281093
5	0.000000	5.880000	5.880000	136.922022
6	0.000000	5.880000	5.880000	169.473056
7	0.000000	5.880000	5.880000	202.216329
8	0.000000	5.880000	5.880000	234.852464
9	0.000000	5.880000	5.880000	267.482678
10	0.000000	5.880000	5.880000	300.099155
11	0.000000	5.880000	5.880000	332.681195
12	0.000000	5.880000	5.880000	365.376819
13	0.000000	5.880000	5.880000	398.031320
14	0.000000	5.880000	5.880000	430.804321
15	0.000000	5.880000	5.880000	463.521395
16	0.000000	5.880000	5.880000	496.254298
17	0.000000	5.880000	5.880000	528.967860
18	0.000000	5.880000	5.880000	561.667066
19	0.000000	5.880000	5.880000	594.370322
20	0.000000	5.880000	5.880000	627.116979
21	0.000000	5.880000	5.880000	659.745639
22	0.000000	5.880000	5.880000	692.440507
23	0.000000	5.880000	5.880000	725.115945
24	0.000000	5.880000	5.880000	757.759513
25	0.000000	5.880000	5.880000	790.431152
26	0.000000	5.880000	5.880000	823.168977
27	0.000000	5.880000	5.880000	855.825938
28	0.000000	5.880000	5.880000	888.507773
29	0.000000	5.880000	5.880000	921.149325
30	0.000000	5.880000	5.880000	953.782203
31	0.000000	5.880000	5.880000	986.433606
32	0.000000	5.880000	5.880000	1019.119331
33	0.000000	5.880000	5.880000	1051.807107
34	0.000000	5.880000	5.880000	1084.506993
35	0.000000	5.880000	5.880000	1117.171751
36	0.000000	5.880000	5.880000	1149.868015
37	0.000000	5.880000	5.880000	1182.569341
38	0.000000	5.880000	5.880000	1215.248273
39	0.000000	5.880000	5.880000	1247.944640
40	0.000000	5.880000	5.880000	1280.706922
41	0.000000	5.880000	5.880000	1313.460526
42	0.000000	5.880000	5.880000	1346.056125
43	0.000000	5.880000	5.880000	1378.867552
44	0.000000	5.880000	5.880000	1411.587679
45	0.000000	5.880000	5.880000	1444.231111
46	0.000000	5.880000	5.880000	1476.853371
47	0.000000	5.880000	5.880000	1509.660428
48	0.000000	5.880000	5.880000	1542.450162
49	0.000000	5.880000	5.880000	1575.229070
50	0.000000	5.880000	5.880000	1608.036479
51	0.000000	5.880000	5.880000	1640.771781
52	0.000000	5.880000	5.880000	1673.418779
53	0.000000	5.880000	5.880000	1706.112982
54	0.000000	5.880000	5.880000	1738.726943
55	0.000000	5.880000	5.880000	1771.349341
56	0.000000	5.880000	5.880000	1804.076947
57	0.000000	5.880000	5.880000	1836.806502
58	0.000000	5.880000	5.880000	1869.503471
59	0.000000	5.880000	5.880000	1902.194488
60	0.000000	5.880000	5.880000	1934.858111
61	0.000000	5.880000	5.880000	1967.567745
62	0.000000	5.880000	5.880000	2000.464796
63	0.000000	5.880000	5.880000	2033.082747
64	0.000000	5.880000	5.880000	2065.788017
65	0.000000	5.880000	5.880000	2098.529545
66	0.000000	5.880000	5.880000	2131.177829
67	0.000000	5.880000	5.880000	2163.927555
68	0.000000	5.880000	5.880000	2196.653996
69	0.000000	5.880000	5.880000	2229.419417
70	0.000000	5.880000	5.880000	2262.256421
71	0.000000	5.880000	5.880000	2294.941558
72	0.000000	5.880000	5.880000	2327.625365
73	0.000000	5.880000	5.880000	2360.368000
74	0.000000	5.880000	5.880000	2393.139675
75	0.000000	5.880000	5.880000	2425.908789
76	0.000000	5.880000	5.880000	2458.624994
77	0.000000	5.880000	5.880000	2491.316262
78	0.000000	5.880000	5.880000	2524.063638
79	0.000000	5.880000	5.880000	2556.957987
80	0.000000	5.880000	5.880000	2589.632423
81	0.000000	5.880000	5.880000	2622.446275
82	0.000000	5.880000	5.880000	2655.220898
83	0.000000	5.880000	5.880000	2688.024435
84	0.000000	5.880000	5.880000	2720.664994
85	0.000000	5.880000	5.880000	2753.428433
86	0.000000	5.880000	5.880000	2786.070267
87	0.000000	5.880000	5.880000	2818.687622
88	0.000000	5.880000	5.880000	2851.354676
89	0.000000	5.880000	5.880000	2884.019888
90	0.000000	5.880000	5.880000	2916.588403
91	0.000000	5.880000	5.880000	2949.224055
92	0.000000	5.880000	5.880000	2981.912785
93	0.000000	5.880000	5.880000	3014.752739
94	0.000000	5.880000	5.880000	3047.367619
95	0.000000	5.880000	5.880000	3080.042264
96	0.000000	5.880000	5.880000	3112.799207
97	0.000000	5.880000	5.880000	3145.409432
98	0.000000	5.880000	5.880000	3177.985847
99	0.000000	5.880000	5.880000	3210.542212
100	0.000000	5.880000	5.880000	3243.104640
101	0.000000	5.880000	5.880000	3275.500911
102	0.000000	5.880000	5.880000	3307.930765
103	0.000000	5.880000	5.880000	3340.410757
104	0.000000	5.880000	5.880000	3372.824489
105	0.000000	5.880000	5.880000	3405.208141
106	0.000000	5.880000	5.880000	3437.585089
107	0.000000	5.880000	5.880000	3470.175743
108	0.000000	5.880000	5.880000	3502.590277
109	0.000000	5.880000	5.880000	3535.176606
110	0.000000	5.880000	5.880000	3567.546294
111	0.000000	5.880000	5.880000	3599.982802
112	0.000000	5.880000	5.880000	3632.601594

0.000000	3632.602598
Agent policy:
  Deterministic policy v119_a0 --> 1.0
Nature policy:
  Environment 0, State 33 --> 0.6
  Environment 0, State 26 --> 0.0
  Environment 0, State 7 --> 0.4