0	0.000000	9.516244	9.516244	17.764729
2	0.000000	1.884998	1.884998	113.634390
3	0.000000	0.293408	0.293408	208.601651
4	0.000000	0.293408	0.293408	303.849026
5	0.000000	0.293408	0.293408	399.167458
6	0.000000	0.293408	0.293408	494.662764
7	0.000000	0.293408	0.293408	590.049726
8	0.000000	0.293408	0.293408	685.527228
9	0.000000	0.293408	0.293408	780.993836
10	0.000000	0.293408	0.293408	876.602074
11	0.000000	0.293408	0.293408	972.568926
12	0.000000	0.293408	0.293408	1068.405574
13	0.000000	0.293408	0.293408	1164.345063
14	0.000000	0.293408	0.293408	1260.023912
15	0.000000	0.293408	0.293408	1356.341297
16	0.000000	0.293408	0.293408	1452.243330
17	0.000000	0.293408	0.293408	1549.084176
18	0.000000	0.293408	0.293408	1645.330717
19	0.000000	0.293408	0.293408	1742.389370
20	0.000000	0.293408	0.293408	1838.843343
21	0.000000	0.293408	0.293408	1936.343416
22	0.000000	0.293408	0.293408	2032.771030
23	0.000000	0.293408	0.293408	2130.688521
24	0.000000	0.293408	0.293408	2227.653802
25	0.000000	0.293408	0.293408	2324.362342
26	0.000000	0.293408	0.293408	2422.841941
27	0.000000	0.293408	0.293408	2519.656460
28	0.000000	0.293408	0.293408	2616.644180
29	0.000000	0.293408	0.293408	2715.956405
30	0.000000	0.293408	0.293408	2813.406650
31	0.000000	0.293408	0.293408	2910.568244
32	0.000000	0.293408	0.293408	3010.631449
33	0.000000	0.293408	0.293408	3108.569257
34	0.000000	0.293408	0.293408	3206.589025
35	0.000000	0.293408	0.293408	3307.834451
36	0.000000	0.293408	0.293408	3405.633019
37	0.000000	0.293408	0.293408	3503.266767
38	0.000000	0.293408	0.293408	3601.075582