0	0.000000	10.366268	10.366268	17.919671
2	0.000000	0.434824	0.434824	114.148018
3	0.000000	0.060956	0.060956	210.168062
4	0.000000	0.059110	0.059110	306.731205
5	0.000000	0.059110	0.059110	403.403629
6	0.000000	0.059110	0.059110	500.571194
7	0.000000	0.059110	0.059110	597.366347
8	0.000000	0.059110	0.059110	694.244467
9	0.000000	0.059110	0.059110	791.673013
10	0.000000	0.059110	0.059110	888.918584
11	0.000000	0.059110	0.059110	986.325740
12	0.000000	0.059110	0.059110	1083.529453
13	0.000000	0.059110	0.059110	1180.688193
14	0.000000	0.059110	0.059110	1277.402312
15	0.000000	0.059110	0.059110	1374.599129
16	0.000000	0.059110	0.059110	1471.412381
17	0.000000	0.059110	0.059110	1568.953551
18	0.000000	0.059110	0.059110	1666.155376
19	0.000000	0.059110	0.059110	1764.151843
20	0.000000	0.059110	0.059110	1861.510589
21	0.000000	0.059110	0.059110	1959.791677
22	0.000000	0.059110	0.059110	2057.191472
23	0.000000	0.059110	0.059110	2155.909932
24	0.000000	0.059110	0.059110	2253.563585
25	0.000000	0.059110	0.059110	2351.184201
26	0.000000	0.059110	0.059110	2450.507426
27	0.000000	0.059110	0.059110	2547.982420
28	0.000000	0.059110	0.059110	2645.878518
29	0.000000	0.059110	0.059110	2745.594180
30	0.000000	0.059110	0.059110	2843.735212
31	0.000000	0.059110	0.059110	2941.553597
32	0.000000	0.059110	0.059110	3042.122436
33	0.000000	0.059110	0.059110	3140.377683
34	0.000000	0.059110	0.059110	3238.597507
35	0.000000	0.059110	0.059110	3340.102628
36	0.000000	0.059110	0.059110	3438.416064
37	0.000000	0.059110	0.059110	3536.730960
38	0.000000	0.059110	0.059110	3635.366564