0	0.000000	10.410062	10.410062	35.923125
2	0.000000	0.425638	0.425638	133.358436
3	0.000000	0.065660	0.065660	228.996656
4	0.000000	0.062920	0.062920	324.694133
5	0.000000	0.062920	0.062920	388.738653
6	0.000000	0.062920	0.062920	452.729289
7	0.000000	0.062920	0.062920	516.699851
8	0.000000	0.062920	0.062920	580.782520
9	0.000000	0.062920	0.062920	644.816740
10	0.000000	0.062920	0.062920	708.688831
11	0.000000	0.062920	0.062920	772.603388
12	0.000000	0.062920	0.062920	836.485393
13	0.000000	0.062920	0.062920	900.484448
14	0.000000	0.062920	0.062920	964.477837
15	0.000000	0.062920	0.062920	1028.369058
16	0.000000	0.062920	0.062920	1092.394737
17	0.000000	0.062920	0.062920	1156.358391
18	0.000000	0.062920	0.062920	1220.332638
19	0.000000	0.062920	0.062920	1284.301179
20	0.000000	0.062920	0.062920	1348.205764
21	0.000000	0.062920	0.062920	1412.308028
22	0.000000	0.062920	0.062920	1476.344022
23	0.000000	0.062920	0.062920	1540.344287
24	0.000000	0.062920	0.062920	1604.378816
25	0.000000	0.062920	0.062920	1668.297898
26	0.000000	0.062920	0.062920	1732.353767
27	0.000000	0.062920	0.062920	1796.421693
28	0.000000	0.062920	0.062920	1860.495580
29	0.000000	0.062920	0.062920	1924.533252
30	0.000000	0.062920	0.062920	1988.608004
31	0.000000	0.062920	0.062920	2052.622018
32	0.000000	0.062920	0.062920	2116.592037
33	0.000000	0.062920	0.062920	2180.501185
34	0.000000	0.062920	0.062920	2244.497841
35	0.000000	0.062920	0.062920	2308.390478
36	0.000000	0.062920	0.062920	2372.437773
37	0.000000	0.062920	0.062920	2436.514660
38	0.000000	0.062920	0.062920	2500.651233
39	0.000000	0.062920	0.062920	2564.542333
40	0.000000	0.062920	0.062920	2628.689293
41	0.000000	0.062920	0.062920	2692.703381
42	0.000000	0.062920	0.062920	2756.732075
43	0.000000	0.062920	0.062920	2820.574589
44	0.000000	0.062920	0.062920	2884.484507
45	0.000000	0.062920	0.062920	2948.405429
46	0.000000	0.062920	0.062920	3012.541706
47	0.000000	0.062920	0.062920	3076.567027
48	0.000000	0.062920	0.062920	3140.467549
49	0.000000	0.062920	0.062920	3204.403191
50	0.000000	0.062920	0.062920	3268.500704
51	0.000000	0.062920	0.062920	3332.428689
52	0.000000	0.062920	0.062920	3396.377822
53	0.000000	0.062920	0.062920	3460.355773
54	0.000000	0.062920	0.062920	3524.274363
55	0.000000	0.062920	0.062920	3588.194179
56	0.000000	0.062920	0.062920	3620.715827