0	0.000000	7.680000	7.680000	5.989499
2	0.000000	7.680000	7.680000	38.808331
3	0.000000	7.680000	7.680000	71.631103
4	0.000000	7.680000	7.680000	104.420253
5	0.000000	7.680000	7.680000	137.056312
6	0.000000	7.680000	7.680000	169.828160
7	0.000000	7.680000	7.680000	202.594931
8	0.000000	7.680000	7.680000	235.571812
9	0.000000	7.680000	7.680000	268.440971
10	0.000000	7.680000	7.680000	301.238933
11	0.000000	7.680000	7.680000	334.016823
12	0.000000	7.680000	7.680000	366.856132
13	0.000000	7.680000	7.680000	399.651710
14	0.000000	7.680000	7.680000	432.500218
15	0.000000	7.680000	7.680000	465.302969
16	0.000000	7.680000	7.680000	498.056780
17	0.000000	7.680000	7.680000	530.896746
18	0.000000	7.680000	7.680000	563.679833
19	0.000000	7.680000	7.680000	596.505674
20	0.000000	7.680000	7.680000	629.270421
21	0.000000	7.680000	7.680000	662.098234
22	0.000000	7.680000	7.680000	694.896052
23	0.000000	7.680000	7.680000	727.732131
24	0.000000	7.680000	7.680000	760.384516
25	0.000000	7.680000	7.680000	792.994659
26	0.000000	7.680000	7.680000	825.675451
27	0.000000	7.680000	7.680000	858.556851
28	0.000000	7.680000	7.680000	891.238497
29	0.000000	7.680000	7.680000	924.068775
30	0.000000	7.680000	7.680000	956.736777
31	0.000000	7.680000	7.680000	989.404807
32	0.000000	7.680000	7.680000	1022.018240
33	0.000000	7.680000	7.680000	1054.752237
34	0.000000	7.680000	7.680000	1087.401555
35	0.000000	7.680000	7.680000	1120.084881
36	0.000000	7.680000	7.680000	1152.795051
37	0.000000	7.680000	7.680000	1185.487617
38	0.000000	7.680000	7.680000	1218.274582
39	0.000000	7.680000	7.680000	1250.968908
40	0.000000	7.680000	7.680000	1283.733196
41	0.000000	7.680000	7.680000	1316.443474
42	0.000000	7.680000	7.680000	1349.165629
43	0.000000	7.680000	7.680000	1381.924719
44	0.000000	7.680000	7.680000	1414.588191
45	0.000000	7.680000	7.680000	1447.257018
46	0.000000	7.680000	7.680000	1480.013674
47	0.000000	7.680000	7.680000	1512.668377
48	0.000000	7.680000	7.680000	1545.305216
49	0.000000	7.680000	7.680000	1578.021403
50	0.000000	7.680000	7.680000	1610.733853
51	0.000000	7.680000	7.680000	1643.383659
52	0.000000	7.680000	7.680000	1676.031718
53	0.000000	7.680000	7.680000	1708.683639
54	0.000000	7.680000	7.680000	1741.366345
55	0.000000	7.680000	7.680000	1774.099337
56	0.000000	7.680000	7.680000	1806.740128
57	0.000000	7.680000	7.680000	1839.420739
58	0.000000	7.680000	7.680000	1872.069742
59	0.000000	7.680000	7.680000	1904.784885
60	0.000000	7.680000	7.680000	1937.427081
61	0.000000	7.680000	7.680000	1970.096523
62	0.000000	7.680000	7.680000	2002.778839
63	0.000000	7.680000	7.680000	2035.431909
64	0.000000	7.680000	7.680000	2068.098462
65	0.000000	7.680000	7.680000	2100.741081
66	0.000000	7.680000	7.680000	2133.459953
67	0.000000	7.680000	7.680000	2166.091249
68	0.000000	7.680000	7.680000	2198.828441
69	0.000000	7.680000	7.680000	2231.509141
70	0.000000	7.680000	7.680000	2264.144146
71	0.000000	7.680000	7.680000	2296.803181
72	0.000000	7.680000	7.680000	2329.436262
73	0.000000	7.680000	7.680000	2362.067764
74	0.000000	7.680000	7.680000	2394.658173
75	0.000000	7.680000	7.680000	2427.341492
76	0.000000	7.680000	7.680000	2460.022724
77	0.000000	7.680000	7.680000	2492.719509
78	0.000000	7.680000	7.680000	2525.355458
79	0.000000	7.680000	7.680000	2557.997627
80	0.000000	7.680000	7.680000	2590.636339
81	0.000000	7.680000	7.680000	2623.340727
82	0.000000	7.680000	7.680000	2656.097484
83	0.000000	7.680000	7.680000	2688.774780
84	0.000000	7.680000	7.680000	2721.443501
85	0.000000	7.680000	7.680000	2754.107484
86	0.000000	7.680000	7.680000	2786.730956
87	0.000000	7.680000	7.680000	2819.407153
88	0.000000	7.680000	7.680000	2852.073983
89	0.000000	7.680000	7.680000	2884.775049
90	0.000000	7.680000	7.680000	2917.474648
91	0.000000	7.680000	7.680000	2950.159635
92	0.000000	7.680000	7.680000	2982.841522
93	0.000000	7.680000	7.680000	3015.558460
94	0.000000	7.680000	7.680000	3048.257581
95	0.000000	7.680000	7.680000	3080.926570
96	0.000000	7.680000	7.680000	3113.656786
97	0.000000	7.680000	7.680000	3146.394374
98	0.000000	7.680000	7.680000	3179.087584
99	0.000000	7.680000	7.680000	3211.803320
100	0.000000	7.680000	7.680000	3244.478363
101	0.000000	7.680000	7.680000	3277.197870
102	0.000000	7.680000	7.680000	3309.911243
103	0.000000	7.680000	7.680000	3342.611045
104	0.000000	7.680000	7.680000	3375.259088
105	0.000000	7.680000	7.680000	3407.913694
106	0.000000	7.680000	7.680000	3440.590603
107	0.000000	7.680000	7.680000	3473.295456
108	0.000000	7.680000	7.680000	3506.044211
109	0.000000	7.680000	7.680000	3538.708999
110	0.000000	7.680000	7.680000	3571.367286
111	0.000000	7.680000	7.680000	3604.103434

0.000000	3604.103834
Agent policy:
  Deterministic policy v118_a0 --> 1.0
Nature policy:
  Environment 0, State 28 --> 0.6
  Environment 0, State 21 --> 0.0
  Environment 0, State 6 --> 0.4