0	0.000000	9.522464	9.522464	27.602859
2	0.000000	0.362956	0.362956	178.707634
3	0.000000	0.362956	0.362956	334.972053
4	0.000000	0.362956	0.362956	493.551420
5	0.000000	0.362956	0.362956	652.296268
6	0.000000	0.362956	0.362956	810.936825
7	0.000000	0.362956	0.362956	970.229095
8	0.000000	0.362956	0.362956	1129.450163
9	0.000000	0.362956	0.362956	1288.356712
10	0.000000	0.362956	0.362956	1447.864851
11	0.000000	0.362956	0.362956	1607.950477
12	0.000000	0.362956	0.362956	1767.870618
13	0.000000	0.362956	0.362956	1928.012066
14	0.000000	0.362956	0.362956	2087.384873
15	0.000000	0.362956	0.362956	2247.357094
16	0.000000	0.362956	0.362956	2407.633682
17	0.000000	0.362956	0.362956	2567.936361
18	0.000000	0.362956	0.362956	2729.227027
19	0.000000	0.362956	0.362956	2888.995521
20	0.000000	0.362956	0.362956	3049.735375
21	0.000000	0.362956	0.362956	3210.595797
22	0.000000	0.362956	0.362956	3371.854073
23	0.000000	0.362956	0.362956	3532.341806
24	0.000000	0.362956	0.362956	3693.611489