0	0.000000	10.366268	10.366268	18.208854
2	0.000000	0.434824	0.434824	116.052927
3	0.000000	0.065956	0.065956	213.738168
4	0.000000	0.064845	0.064845	311.671375
5	0.000000	0.064845	0.064845	409.896934
6	0.000000	0.064845	0.064845	508.064515
7	0.000000	0.064845	0.064845	605.980705
8	0.000000	0.064845	0.064845	704.102467
9	0.000000	0.064845	0.064845	802.089057
10	0.000000	0.064845	0.064845	900.587912
11	0.000000	0.064845	0.064845	998.364169
12	0.000000	0.064845	0.064845	1096.515886
13	0.000000	0.064845	0.064845	1194.287725
14	0.000000	0.064845	0.064845	1292.453234
15	0.000000	0.064845	0.064845	1390.303375
16	0.000000	0.064845	0.064845	1488.213172
17	0.000000	0.064845	0.064845	1585.995537
18	0.000000	0.064845	0.064845	1683.740807
19	0.000000	0.064845	0.064845	1781.318503
20	0.000000	0.064845	0.064845	1879.241933
21	0.000000	0.064845	0.064845	1977.446688
22	0.000000	0.064845	0.064845	2076.129773
23	0.000000	0.064845	0.064845	2173.593236
24	0.000000	0.064845	0.064845	2271.640497
25	0.000000	0.064845	0.064845	2369.752738
26	0.000000	0.064845	0.064845	2467.951788
27	0.000000	0.064845	0.064845	2565.790039
28	0.000000	0.064845	0.064845	2663.910083
29	0.000000	0.064845	0.064845	2762.049893
30	0.000000	0.064845	0.064845	2859.651950
31	0.000000	0.064845	0.064845	2957.290426
32	0.000000	0.064845	0.064845	3055.228472
33	0.000000	0.064845	0.064845	3153.586117
34	0.000000	0.064845	0.064845	3251.377947
35	0.000000	0.064845	0.064845	3349.123492
36	0.000000	0.064845	0.064845	3446.911247
37	0.000000	0.064845	0.064845	3544.571969
38	0.000000	0.064845	0.064845	3642.841464