0	0.000000	9.559193	9.559193	23.982122
2	0.000000	1.801674	1.801674	152.529190
3	0.000000	0.307001	0.307001	280.316039
4	0.000000	0.275622	0.275622	408.491556
5	0.000000	0.275622	0.275622	536.702446
6	0.000000	0.275622	0.275622	632.805968
7	0.000000	0.275622	0.275622	729.136628
8	0.000000	0.275622	0.275622	825.766629
9	0.000000	0.275622	0.275622	922.242718
10	0.000000	0.275622	0.275622	1019.049982
11	0.000000	0.275622	0.275622	1115.747844
12	0.000000	0.275622	0.275622	1212.502504
13	0.000000	0.275622	0.275622	1309.585538
14	0.000000	0.275622	0.275622	1406.423333
15	0.000000	0.275622	0.275622	1503.924399
16	0.000000	0.275622	0.275622	1600.976195
17	0.000000	0.275622	0.275622	1698.857571
18	0.000000	0.275622	0.275622	1795.929883
19	0.000000	0.275622	0.275622	1894.369699
20	0.000000	0.275622	0.275622	1991.609137
21	0.000000	0.275622	0.275622	2089.871571
22	0.000000	0.275622	0.275622	2187.279172
23	0.000000	0.275622	0.275622	2286.075001
24	0.000000	0.275622	0.275622	2383.566755
25	0.000000	0.275622	0.275622	2481.029746
26	0.000000	0.275622	0.275622	2580.521647
27	0.000000	0.275622	0.275622	2678.455152
28	0.000000	0.275622	0.275622	2776.193004
29	0.000000	0.275622	0.275622	2876.350954
30	0.000000	0.275622	0.275622	2974.057057
31	0.000000	0.275622	0.275622	3072.342218
32	0.000000	0.275622	0.275622	3173.116750
33	0.000000	0.275622	0.275622	3271.052125
34	0.000000	0.275622	0.275622	3369.336364
35	0.000000	0.275622	0.275622	3471.271416
36	0.000000	0.275622	0.275622	3569.868661
37	0.000000	0.275622	0.275622	3668.791031