0	0.000000	10.366268	10.366268	18.074022
2	0.000000	0.434824	0.434824	114.234266
3	0.000000	0.066234	0.066234	210.491118
4	0.000000	0.065162	0.065162	307.229459
5	0.000000	0.065162	0.065162	403.900881
6	0.000000	0.065162	0.065162	500.358061
7	0.000000	0.065162	0.065162	596.997028
8	0.000000	0.065162	0.065162	694.028629
9	0.000000	0.065162	0.065162	791.074152
10	0.000000	0.065162	0.065162	888.679847
11	0.000000	0.065162	0.065162	986.078177
12	0.000000	0.065162	0.065162	1083.203221
13	0.000000	0.065162	0.065162	1180.167810
14	0.000000	0.065162	0.065162	1277.070940
15	0.000000	0.065162	0.065162	1374.527848
16	0.000000	0.065162	0.065162	1471.576442
17	0.000000	0.065162	0.065162	1569.338010
18	0.000000	0.065162	0.065162	1666.518625
19	0.000000	0.065162	0.065162	1764.516959
20	0.000000	0.065162	0.065162	1861.895436
21	0.000000	0.065162	0.065162	1959.991680
22	0.000000	0.065162	0.065162	2057.267181
23	0.000000	0.065162	0.065162	2155.972129
24	0.000000	0.065162	0.065162	2253.476122
25	0.000000	0.065162	0.065162	2350.910609
26	0.000000	0.065162	0.065162	2450.330946
27	0.000000	0.065162	0.065162	2547.935456
28	0.000000	0.065162	0.065162	2645.808241
29	0.000000	0.065162	0.065162	2745.757331
30	0.000000	0.065162	0.065162	2843.912118
31	0.000000	0.065162	0.065162	2941.716938
32	0.000000	0.065162	0.065162	3042.346557
33	0.000000	0.065162	0.065162	3140.525085
34	0.000000	0.065162	0.065162	3238.769097
35	0.000000	0.065162	0.065162	3340.049981
36	0.000000	0.065162	0.065162	3438.393026
37	0.000000	0.065162	0.065162	3536.902855
38	0.000000	0.065162	0.065162	3635.436633