0	0.000000	10.410062	10.410062	35.914999
2	0.000000	0.425478	0.425478	133.777427
3	0.000000	0.058220	0.058220	229.273519
4	0.000000	0.058220	0.058220	325.164091
5	0.000000	0.058220	0.058220	389.632646
6	0.000000	0.058220	0.058220	453.774216
7	0.000000	0.058220	0.058220	517.998869
8	0.000000	0.058220	0.058220	582.189014
9	0.000000	0.058220	0.058220	646.387100
10	0.000000	0.058220	0.058220	710.662985
11	0.000000	0.058220	0.058220	774.933376
12	0.000000	0.058220	0.058220	839.190773
13	0.000000	0.058220	0.058220	903.419663
14	0.000000	0.058220	0.058220	967.689465
15	0.000000	0.058220	0.058220	1031.823722
16	0.000000	0.058220	0.058220	1095.918337
17	0.000000	0.058220	0.058220	1160.083380
18	0.000000	0.058220	0.058220	1224.279719
19	0.000000	0.058220	0.058220	1288.512987
20	0.000000	0.058220	0.058220	1352.784919
21	0.000000	0.058220	0.058220	1416.966579
22	0.000000	0.058220	0.058220	1481.097388
23	0.000000	0.058220	0.058220	1545.512322
24	0.000000	0.058220	0.058220	1609.974729
25	0.000000	0.058220	0.058220	1674.119191
26	0.000000	0.058220	0.058220	1738.515707
27	0.000000	0.058220	0.058220	1802.794585
28	0.000000	0.058220	0.058220	1867.121664
29	0.000000	0.058220	0.058220	1931.394804
30	0.000000	0.058220	0.058220	1995.695751
31	0.000000	0.058220	0.058220	2059.903932
32	0.000000	0.058220	0.058220	2124.029405
33	0.000000	0.058220	0.058220	2188.189113
34	0.000000	0.058220	0.058220	2252.475084
35	0.000000	0.058220	0.058220	2316.746808
36	0.000000	0.058220	0.058220	2381.281372
37	0.000000	0.058220	0.058220	2445.554100
38	0.000000	0.058220	0.058220	2509.816438
39	0.000000	0.058220	0.058220	2573.896297
40	0.000000	0.058220	0.058220	2638.062178
41	0.000000	0.058220	0.058220	2702.281755
42	0.000000	0.058220	0.058220	2766.516966
43	0.000000	0.058220	0.058220	2830.703913
44	0.000000	0.058220	0.058220	2895.062586
45	0.000000	0.058220	0.058220	2959.260811
46	0.000000	0.058220	0.058220	3023.453201
47	0.000000	0.058220	0.058220	3087.663002
48	0.000000	0.058220	0.058220	3151.914289
49	0.000000	0.058220	0.058220	3216.256665
50	0.000000	0.058220	0.058220	3280.416004
51	0.000000	0.058220	0.058220	3344.714426
52	0.000000	0.058220	0.058220	3408.910403
53	0.000000	0.058220	0.058220	3473.181866
54	0.000000	0.058220	0.058220	3537.559270
55	0.000000	0.058220	0.058220	3601.835316