0	0.000000	7.680000	7.680000	6.004147
2	0.000000	7.680000	7.680000	38.871087
3	0.000000	7.680000	7.680000	71.698875
4	0.000000	7.680000	7.680000	104.450583
5	0.000000	7.680000	7.680000	137.185741
6	0.000000	7.680000	7.680000	169.945279
7	0.000000	7.680000	7.680000	202.735800
8	0.000000	7.680000	7.680000	235.465655
9	0.000000	7.680000	7.680000	268.232346
10	0.000000	7.680000	7.680000	301.010667
11	0.000000	7.680000	7.680000	333.715629
12	0.000000	7.680000	7.680000	366.527326
13	0.000000	7.680000	7.680000	399.313386
14	0.000000	7.680000	7.680000	432.172597
15	0.000000	7.680000	7.680000	465.052464
16	0.000000	7.680000	7.680000	497.787476
17	0.000000	7.680000	7.680000	530.672708
18	0.000000	7.680000	7.680000	563.463848
19	0.000000	7.680000	7.680000	596.255728
20	0.000000	7.680000	7.680000	629.060447
21	0.000000	7.680000	7.680000	661.887540
22	0.000000	7.680000	7.680000	694.605958
23	0.000000	7.680000	7.680000	727.412487
24	0.000000	7.680000	7.680000	760.019729
25	0.000000	7.680000	7.680000	792.699929
26	0.000000	7.680000	7.680000	825.254880
27	0.000000	7.680000	7.680000	857.973478
28	0.000000	7.680000	7.680000	890.600323
29	0.000000	7.680000	7.680000	923.189383
30	0.000000	7.680000	7.680000	955.886242
31	0.000000	7.680000	7.680000	988.590876
32	0.000000	7.680000	7.680000	1021.238919
33	0.000000	7.680000	7.680000	1053.882283
34	0.000000	7.680000	7.680000	1086.475677
35	0.000000	7.680000	7.680000	1119.209461
36	0.000000	7.680000	7.680000	1151.896324
37	0.000000	7.680000	7.680000	1184.600925
38	0.000000	7.680000	7.680000	1217.275474
39	0.000000	7.680000	7.680000	1249.914355
40	0.000000	7.680000	7.680000	1282.470336
41	0.000000	7.680000	7.680000	1315.087949
42	0.000000	7.680000	7.680000	1347.703072
43	0.000000	7.680000	7.680000	1380.276863
44	0.000000	7.680000	7.680000	1412.974929
45	0.000000	7.680000	7.680000	1445.668969
46	0.000000	7.680000	7.680000	1478.272109
47	0.000000	7.680000	7.680000	1510.941305
48	0.000000	7.680000	7.680000	1543.561034
49	0.000000	7.680000	7.680000	1576.250690
50	0.000000	7.680000	7.680000	1608.816507
51	0.000000	7.680000	7.680000	1641.463987
52	0.000000	7.680000	7.680000	1674.089841
53	0.000000	7.680000	7.680000	1706.719310
54	0.000000	7.680000	7.680000	1739.433014
55	0.000000	7.680000	7.680000	1772.139224
56	0.000000	7.680000	7.680000	1804.738698
57	0.000000	7.680000	7.680000	1837.354971
58	0.000000	7.680000	7.680000	1870.038932
59	0.000000	7.680000	7.680000	1902.686003
60	0.000000	7.680000	7.680000	1935.338261
61	0.000000	7.680000	7.680000	1967.957415
62	0.000000	7.680000	7.680000	2000.596103
63	0.000000	7.680000	7.680000	2033.376663
64	0.000000	7.680000	7.680000	2066.041365
65	0.000000	7.680000	7.680000	2098.670376
66	0.000000	7.680000	7.680000	2131.410177
67	0.000000	7.680000	7.680000	2164.162829
68	0.000000	7.680000	7.680000	2196.804589
69	0.000000	7.680000	7.680000	2229.540192
70	0.000000	7.680000	7.680000	2262.255639
71	0.000000	7.680000	7.680000	2294.885187
72	0.000000	7.680000	7.680000	2327.551122
73	0.000000	7.680000	7.680000	2360.272711
74	0.000000	7.680000	7.680000	2392.940210
75	0.000000	7.680000	7.680000	2425.646198
76	0.000000	7.680000	7.680000	2458.383085
77	0.000000	7.680000	7.680000	2490.930996
78	0.000000	7.680000	7.680000	2523.560189
79	0.000000	7.680000	7.680000	2556.273716
80	0.000000	7.680000	7.680000	2588.900946
81	0.000000	7.680000	7.680000	2621.550106
82	0.000000	7.680000	7.680000	2654.156368
83	0.000000	7.680000	7.680000	2686.847600
84	0.000000	7.680000	7.680000	2719.464650
85	0.000000	7.680000	7.680000	2752.161353
86	0.000000	7.680000	7.680000	2784.811213
87	0.000000	7.680000	7.680000	2817.455800
88	0.000000	7.680000	7.680000	2850.008003
89	0.000000	7.680000	7.680000	2882.690536
90	0.000000	7.680000	7.680000	2915.415382
91	0.000000	7.680000	7.680000	2948.067347
92	0.000000	7.680000	7.680000	2980.789267
93	0.000000	7.680000	7.680000	3013.439506
94	0.000000	7.680000	7.680000	3046.135399
95	0.000000	7.680000	7.680000	3078.812588
96	0.000000	7.680000	7.680000	3111.547163
97	0.000000	7.680000	7.680000	3144.182221
98	0.000000	7.680000	7.680000	3176.853724
99	0.000000	7.680000	7.680000	3209.572568
100	0.000000	7.680000	7.680000	3242.294102
101	0.000000	7.680000	7.680000	3274.981983
102	0.000000	7.680000	7.680000	3307.577693
103	0.000000	7.680000	7.680000	3340.240783
104	0.000000	7.680000	7.680000	3372.939273
105	0.000000	7.680000	7.680000	3405.583360
106	0.000000	7.680000	7.680000	3438.302346
107	0.000000	7.680000	7.680000	3471.066242
108	0.000000	7.680000	7.680000	3503.771786
109	0.000000	7.680000	7.680000	3536.381192
110	0.000000	7.680000	7.680000	3569.162252
111	0.000000	7.680000	7.680000	3601.856170

0.000000	3601.856570
Agent policy:
  Deterministic policy v118_a0 --> 1.0
Nature policy:
  Environment 0, State 24 --> 0.6
  Environment 0, State 21 --> 0.0
  Environment 0, State 6 --> 0.4