0	0.000000	9.522464	9.522464	23.988811
2	0.000000	0.362956	0.362956	153.316284
3	0.000000	0.041855	0.041855	282.378471
4	0.000000	0.005790	0.005790	411.262733
5	0.000000	0.005215	0.005215	540.656027
6	0.000000	0.005215	0.005215	670.007449
7	0.000000	0.005215	0.005215	799.781317
8	0.000000	0.005215	0.005215	929.438177
9	0.000000	0.005215	0.005215	1059.113610
10	0.000000	0.005215	0.005215	1188.884839
11	0.000000	0.005215	0.005215	1319.027706
12	0.000000	0.005215	0.005215	1449.054547
13	0.000000	0.005215	0.005215	1579.225385
14	0.000000	0.005215	0.005215	1709.683216
15	0.000000	0.005215	0.005215	1839.845752
16	0.000000	0.005215	0.005215	1970.333415
17	0.000000	0.005215	0.005215	2100.189252
18	0.000000	0.005215	0.005215	2230.691771
19	0.000000	0.005215	0.005215	2361.058411
20	0.000000	0.005215	0.005215	2492.555549
21	0.000000	0.005215	0.005215	2623.047456
22	0.000000	0.005215	0.005215	2754.508437
23	0.000000	0.005215	0.005215	2884.700017
24	0.000000	0.005215	0.005215	3016.654380
25	0.000000	0.005215	0.005215	3147.176748
26	0.000000	0.005215	0.005215	3277.560188
27	0.000000	0.005215	0.005215	3409.771369
28	0.000000	0.005215	0.005215	3540.470132
29	0.000000	0.005215	0.005215	3671.486989