0	0.000000	10.409824	10.409824	30.059509
2	0.000000	0.425439	0.425439	127.138802
3	0.000000	0.058477	0.058477	255.065468
4	0.000000	0.058477	0.058477	414.773552
5	0.000000	0.058477	0.058477	542.988071
6	0.000000	0.058477	0.058477	639.336878
7	0.000000	0.058477	0.058477	735.884643
8	0.000000	0.058477	0.058477	832.687811
9	0.000000	0.058477	0.058477	928.995382
10	0.000000	0.058477	0.058477	1025.781111
11	0.000000	0.058477	0.058477	1122.773574
12	0.000000	0.058477	0.058477	1219.903548
13	0.000000	0.058477	0.058477	1317.241094
14	0.000000	0.058477	0.058477	1414.484347
15	0.000000	0.058477	0.058477	1511.856413
16	0.000000	0.058477	0.058477	1608.916312
17	0.000000	0.058477	0.058477	1706.303485
18	0.000000	0.058477	0.058477	1803.701866
19	0.000000	0.058477	0.058477	1901.429908
20	0.000000	0.058477	0.058477	1998.459724
21	0.000000	0.058477	0.058477	2096.871969
22	0.000000	0.058477	0.058477	2194.513739
23	0.000000	0.058477	0.058477	2292.835023
24	0.000000	0.058477	0.058477	2390.009596
25	0.000000	0.058477	0.058477	2489.656117
26	0.000000	0.058477	0.058477	2587.692517
27	0.000000	0.058477	0.058477	2685.498611
28	0.000000	0.058477	0.058477	2785.252624
29	0.000000	0.058477	0.058477	2882.808885
30	0.000000	0.058477	0.058477	2980.532832
31	0.000000	0.058477	0.058477	3080.545568
32	0.000000	0.058477	0.058477	3178.920040
33	0.000000	0.058477	0.058477	3276.933563
34	0.000000	0.058477	0.058477	3377.895593
35	0.000000	0.058477	0.058477	3476.336347
36	0.000000	0.058477	0.058477	3574.899638
37	0.000000	0.058477	0.058477	3676.889710