0	0.000000	9.562029	9.562029	35.887154
2	0.000000	0.365430	0.365430	237.619894
3	0.000000	0.044894	0.044894	398.138069
4	0.000000	9.562469	9.562469	558.913190
5	0.000000	0.247387	0.247387	656.833881
6	0.000000	0.020398	0.020398	754.951130
7	0.000000	0.005179	0.005179	918.751541
8	0.000000	0.005219	0.005219	1080.424250
9	0.000000	0.005099	0.005099	1212.249705
10	0.000000	0.005099	0.005099	1341.715608
11	0.000000	0.005099	0.005099	1471.462322
12	0.000000	0.005099	0.005099	1601.687263
13	0.000000	0.005099	0.005099	1731.693375
14	0.000000	0.005099	0.005099	1862.056945
15	0.000000	0.005099	0.005099	1992.351469
16	0.000000	0.005099	0.005099	2122.870908
17	0.000000	0.005099	0.005099	2253.125785
18	0.000000	0.005099	0.005099	2383.950159
19	0.000000	0.005099	0.005099	2514.003688
20	0.000000	0.005099	0.005099	2644.795113
21	0.000000	0.005099	0.005099	2775.021348
22	0.000000	0.005099	0.005099	2906.046482
23	0.000000	0.005099	0.005099	3036.352905
24	0.000000	0.005099	0.005099	3167.740886
25	0.000000	0.005099	0.005099	3298.294992
26	0.000000	0.005099	0.005099	3429.981127
27	0.000000	0.005099	0.005099	3560.713474
28	0.000000	0.005099	0.005099	3691.563914