0	0.000000	7.680000	7.680000	6.003487
2	0.000000	7.680000	7.680000	38.943461
3	0.000000	7.680000	7.680000	71.696208
4	0.000000	7.680000	7.680000	104.501156
5	0.000000	7.680000	7.680000	137.118735
6	0.000000	7.680000	7.680000	169.904957
7	0.000000	7.680000	7.680000	202.670962
8	0.000000	7.680000	7.680000	235.498917
9	0.000000	7.680000	7.680000	268.176325
10	0.000000	7.680000	7.680000	300.849582
11	0.000000	7.680000	7.680000	333.664878
12	0.000000	7.680000	7.680000	366.350319
13	0.000000	7.680000	7.680000	399.156036
14	0.000000	7.680000	7.680000	432.058847
15	0.000000	7.680000	7.680000	464.801303
16	0.000000	7.680000	7.680000	497.717290
17	0.000000	7.680000	7.680000	530.481563
18	0.000000	7.680000	7.680000	563.250679
19	0.000000	7.680000	7.680000	596.082709
20	0.000000	7.680000	7.680000	628.803987
21	0.000000	7.680000	7.680000	661.519457
22	0.000000	7.680000	7.680000	694.386249
23	0.000000	7.680000	7.680000	727.142702
24	0.000000	7.680000	7.680000	759.761437
25	0.000000	7.680000	7.680000	792.443674
26	0.000000	7.680000	7.680000	825.007840
27	0.000000	7.680000	7.680000	857.735215
28	0.000000	7.680000	7.680000	890.373132
29	0.000000	7.680000	7.680000	922.929516
30	0.000000	7.680000	7.680000	955.560237
31	0.000000	7.680000	7.680000	988.270839
32	0.000000	7.680000	7.680000	1020.947418
33	0.000000	7.680000	7.680000	1053.501060
34	0.000000	7.680000	7.680000	1086.087245
35	0.000000	7.680000	7.680000	1118.728344
36	0.000000	7.680000	7.680000	1151.326002
37	0.000000	7.680000	7.680000	1183.983695
38	0.000000	7.680000	7.680000	1216.572273
39	0.000000	7.680000	7.680000	1249.198557
40	0.000000	7.680000	7.680000	1281.742870
41	0.000000	7.680000	7.680000	1314.358924
42	0.000000	7.680000	7.680000	1346.970102
43	0.000000	7.680000	7.680000	1379.543304
44	0.000000	7.680000	7.680000	1412.098835
45	0.000000	7.680000	7.680000	1444.708251
46	0.000000	7.680000	7.680000	1477.338860
47	0.000000	7.680000	7.680000	1510.064059
48	0.000000	7.680000	7.680000	1542.632264
49	0.000000	7.680000	7.680000	1575.421378
50	0.000000	7.680000	7.680000	1608.045255
51	0.000000	7.680000	7.680000	1640.690745
52	0.000000	7.680000	7.680000	1673.332728
53	0.000000	7.680000	7.680000	1706.093640
54	0.000000	7.680000	7.680000	1738.693377
55	0.000000	7.680000	7.680000	1771.333100
56	0.000000	7.680000	7.680000	1803.844204
57	0.000000	7.680000	7.680000	1836.480780
58	0.000000	7.680000	7.680000	1869.093192
59	0.000000	7.680000	7.680000	1901.708025
60	0.000000	7.680000	7.680000	1934.354893
61	0.000000	7.680000	7.680000	1967.039361
62	0.000000	7.680000	7.680000	1999.659925
63	0.000000	7.680000	7.680000	2032.324198
64	0.000000	7.680000	7.680000	2064.938111
65	0.000000	7.680000	7.680000	2097.758517
66	0.000000	7.680000	7.680000	2130.418575
67	0.000000	7.680000	7.680000	2163.136877
68	0.000000	7.680000	7.680000	2195.856375
69	0.000000	7.680000	7.680000	2228.517275
70	0.000000	7.680000	7.680000	2261.177341
71	0.000000	7.680000	7.680000	2293.889685
72	0.000000	7.680000	7.680000	2326.510467
73	0.000000	7.680000	7.680000	2359.223151
74	0.000000	7.680000	7.680000	2391.944224
75	0.000000	7.680000	7.680000	2424.734076
76	0.000000	7.680000	7.680000	2457.437945
77	0.000000	7.680000	7.680000	2490.173765
78	0.000000	7.680000	7.680000	2522.842976
79	0.000000	7.680000	7.680000	2555.589372
80	0.000000	7.680000	7.680000	2588.200133
81	0.000000	7.680000	7.680000	2620.916304
82	0.000000	7.680000	7.680000	2653.534252
83	0.000000	7.680000	7.680000	2686.231590
84	0.000000	7.680000	7.680000	2718.808664
85	0.000000	7.680000	7.680000	2751.500946
86	0.000000	7.680000	7.680000	2784.098695
87	0.000000	7.680000	7.680000	2816.812485
88	0.000000	7.680000	7.680000	2849.441926
89	0.000000	7.680000	7.680000	2882.101704
90	0.000000	7.680000	7.680000	2914.840783
91	0.000000	7.680000	7.680000	2947.535346
92	0.000000	7.680000	7.680000	2980.262337
93	0.000000	7.680000	7.680000	3012.923493
94	0.000000	7.680000	7.680000	3045.533684
95	0.000000	7.680000	7.680000	3078.165327
96	0.000000	7.680000	7.680000	3110.816665
97	0.000000	7.680000	7.680000	3143.417010
98	0.000000	7.680000	7.680000	3176.131696
99	0.000000	7.680000	7.680000	3208.821620
100	0.000000	7.680000	7.680000	3241.458100
101	0.000000	7.680000	7.680000	3274.165754
102	0.000000	7.680000	7.680000	3306.844964
103	0.000000	7.680000	7.680000	3339.626324
104	0.000000	7.680000	7.680000	3372.295595
105	0.000000	7.680000	7.680000	3405.008158
106	0.000000	7.680000	7.680000	3437.633528
107	0.000000	7.680000	7.680000	3470.343277
108	0.000000	7.680000	7.680000	3503.109752
109	0.000000	7.680000	7.680000	3535.844665
110	0.000000	7.680000	7.680000	3568.496434
111	0.000000	7.680000	7.680000	3601.248910

0.000000	3601.249318
Agent policy:
  Deterministic policy v118_a0 --> 1.0
Nature policy:
  Environment 0, State 24 --> 0.6
  Environment 0, State 6 --> 0.4
  Environment 0, State 23 --> 0.0