0	0.000000	9.562029	9.562029	41.381999
2	0.000000	0.360351	0.360351	193.534618
3	0.000000	0.035855	0.035855	421.755427
4	0.000000	0.005719	0.005719	645.729229
5	0.000000	9.562456	9.562456	833.639818
6	0.000000	0.232667	0.232667	947.922985
7	0.000000	0.024118	0.024118	1062.525308
8	0.000000	0.004599	0.004599	1252.686854
9	0.000000	0.004599	0.004599	1479.547996
10	0.000000	0.004599	0.004599	1669.497109
11	0.000000	0.004599	0.004599	1821.967919
12	0.000000	0.004599	0.004599	1975.167266
13	0.000000	0.004599	0.004599	2128.564853
14	0.000000	0.004599	0.004599	2281.173278
15	0.000000	0.004599	0.004599	2433.894646
16	0.000000	0.004599	0.004599	2587.970595
17	0.000000	0.004599	0.004599	2741.517583
18	0.000000	0.004599	0.004599	2894.563806
19	0.000000	0.004599	0.004599	3048.178985
20	0.000000	0.004599	0.004599	3202.149663
21	0.000000	0.004599	0.004599	3355.917426
22	0.000000	0.004599	0.004599	3510.840325
23	0.000000	0.004599	0.004599	3664.473670