0	0.000000	9.557400	9.557400	30.038704
2	0.000000	0.360666	0.360666	191.511139
3	0.000000	0.010987	0.010987	352.233895
4	0.000000	0.005733	0.005733	514.046505
5	0.000000	0.005733	0.005733	674.291625
6	0.000000	0.005733	0.005733	802.789007
7	0.000000	0.005733	0.005733	931.509194
8	0.000000	0.005733	0.005733	1060.156597
9	0.000000	0.005733	0.005733	1189.439256
10	0.000000	0.005733	0.005733	1318.167102
11	0.000000	0.005733	0.005733	1447.094328
12	0.000000	0.005733	0.005733	1576.132952
13	0.000000	0.005733	0.005733	1705.145669
14	0.000000	0.005733	0.005733	1834.663422
15	0.000000	0.005733	0.005733	1963.885110
16	0.000000	0.005733	0.005733	2092.696031
17	0.000000	0.005733	0.005733	2221.506915
18	0.000000	0.005733	0.005733	2350.317591
19	0.000000	0.005733	0.005733	2479.215274
20	0.000000	0.005733	0.005733	2608.132019
21	0.000000	0.005733	0.005733	2737.192658
22	0.000000	0.005733	0.005733	2866.136894
23	0.000000	0.005733	0.005733	2994.794076
24	0.000000	0.005733	0.005733	3123.781360
25	0.000000	0.005733	0.005733	3253.165417
26	0.000000	0.005733	0.005733	3382.405912
27	0.000000	0.005733	0.005733	3511.292654
28	0.000000	0.005733	0.005733	3639.993732