0	0.000000	9.557400	9.557400	34.628805
2	0.000000	0.360686	0.360686	223.484471
3	0.000000	0.039595	0.039595	410.545458
4	0.000000	9.560896	9.560896	602.675076
5	0.000000	0.233469	0.233469	754.262294
6	0.000000	0.005234	0.005234	942.890210
7	0.000000	0.004695	0.004695	1135.059032
8	0.000000	0.004695	0.004695	1290.799542
9	0.000000	0.004695	0.004695	1445.904500
10	0.000000	0.004695	0.004695	1600.823863
11	0.000000	0.004695	0.004695	1755.298231
12	0.000000	0.004695	0.004695	1910.038034
13	0.000000	0.004695	0.004695	2065.484926
14	0.000000	0.004695	0.004695	2220.067807
15	0.000000	0.004695	0.004695	2374.775531
16	0.000000	0.004695	0.004695	2529.433997
17	0.000000	0.004695	0.004695	2685.061001
18	0.000000	0.004695	0.004695	2840.489432
19	0.000000	0.004695	0.004695	2994.906804
20	0.000000	0.004695	0.004695	3150.064137
21	0.000000	0.004695	0.004695	3304.323392
22	0.000000	0.004695	0.004695	3459.083361
23	0.000000	0.004695	0.004695	3614.387281