0	0.000000	10.366268	10.366268	17.928714
2	0.000000	0.434824	0.434824	113.962958
3	0.000000	0.060956	0.060956	209.902358
4	0.000000	0.059110	0.059110	306.711583
5	0.000000	0.059110	0.059110	403.388433
6	0.000000	0.059110	0.059110	500.078122
7	0.000000	0.059110	0.059110	596.578738
8	0.000000	0.059110	0.059110	693.742697
9	0.000000	0.059110	0.059110	790.914783
10	0.000000	0.059110	0.059110	888.079246
11	0.000000	0.059110	0.059110	985.309584
12	0.000000	0.059110	0.059110	1082.475914
13	0.000000	0.059110	0.059110	1179.153129
14	0.000000	0.059110	0.059110	1276.009748
15	0.000000	0.059110	0.059110	1372.883614
16	0.000000	0.059110	0.059110	1469.830080
17	0.000000	0.059110	0.059110	1567.365211
18	0.000000	0.059110	0.059110	1664.555954
19	0.000000	0.059110	0.059110	1762.418461
20	0.000000	0.059110	0.059110	1859.913324
21	0.000000	0.059110	0.059110	1958.070504
22	0.000000	0.059110	0.059110	2055.552212
23	0.000000	0.059110	0.059110	2154.354978
24	0.000000	0.059110	0.059110	2252.177098
25	0.000000	0.059110	0.059110	2349.749618
26	0.000000	0.059110	0.059110	2449.366150
27	0.000000	0.059110	0.059110	2547.061793
28	0.000000	0.059110	0.059110	2645.006372
29	0.000000	0.059110	0.059110	2745.009830
30	0.000000	0.059110	0.059110	2843.069437
31	0.000000	0.059110	0.059110	2941.034646
32	0.000000	0.059110	0.059110	3041.725876
33	0.000000	0.059110	0.059110	3139.897536
34	0.000000	0.059110	0.059110	3238.523647
35	0.000000	0.059110	0.059110	3339.788779
36	0.000000	0.059110	0.059110	3438.677226
37	0.000000	0.059110	0.059110	3537.172485
38	0.000000	0.059110	0.059110	3635.903150