0	0.000000	10.406565	10.406565	24.658906
2	0.000000	0.425804	0.425804	123.428096
3	0.000000	0.062779	0.062779	252.617002
4	0.000000	0.057703	0.057703	382.914156
5	0.000000	0.057703	0.057703	513.625598
6	0.000000	0.057703	0.057703	612.468618
7	0.000000	0.057703	0.057703	710.570454
8	0.000000	0.057703	0.057703	809.549941
9	0.000000	0.057703	0.057703	907.925030
10	0.000000	0.057703	0.057703	1006.320636
11	0.000000	0.057703	0.057703	1104.798471
12	0.000000	0.057703	0.057703	1203.444777
13	0.000000	0.057703	0.057703	1302.840891
14	0.000000	0.057703	0.057703	1401.520635
15	0.000000	0.057703	0.057703	1500.705406
16	0.000000	0.057703	0.057703	1599.074915
17	0.000000	0.057703	0.057703	1698.525033
18	0.000000	0.057703	0.057703	1797.485376
19	0.000000	0.057703	0.057703	1897.244464
20	0.000000	0.057703	0.057703	1996.092402
21	0.000000	0.057703	0.057703	2095.830144
22	0.000000	0.057703	0.057703	2194.925194
23	0.000000	0.057703	0.057703	2295.524575
24	0.000000	0.057703	0.057703	2394.827824
25	0.000000	0.057703	0.057703	2494.204981
26	0.000000	0.057703	0.057703	2595.190688
27	0.000000	0.057703	0.057703	2695.010852
28	0.000000	0.057703	0.057703	2794.326333
29	0.000000	0.057703	0.057703	2896.355335
30	0.000000	0.057703	0.057703	2996.207084
31	0.000000	0.057703	0.057703	3095.711490
32	0.000000	0.057703	0.057703	3197.866480
33	0.000000	0.057703	0.057703	3297.201059
34	0.000000	0.057703	0.057703	3397.106926
35	0.000000	0.057703	0.057703	3500.173612
36	0.000000	0.057703	0.057703	3600.256811