0	0.000000	5.880000	5.880000	6.007647
2	0.000000	5.880000	5.880000	38.851165
3	0.000000	5.880000	5.880000	71.652473
4	0.000000	5.880000	5.880000	104.365031
5	0.000000	5.880000	5.880000	137.074383
6	0.000000	5.880000	5.880000	169.741531
7	0.000000	5.880000	5.880000	202.522123
8	0.000000	5.880000	5.880000	235.244006
9	0.000000	5.880000	5.880000	268.074015
10	0.000000	5.880000	5.880000	300.894962
11	0.000000	5.880000	5.880000	333.675035
12	0.000000	5.880000	5.880000	366.507972
13	0.000000	5.880000	5.880000	399.292805
14	0.000000	5.880000	5.880000	432.081285
15	0.000000	5.880000	5.880000	464.841388
16	0.000000	5.880000	5.880000	497.634811
17	0.000000	5.880000	5.880000	530.417393
18	0.000000	5.880000	5.880000	563.168607
19	0.000000	5.880000	5.880000	596.004934
20	0.000000	5.880000	5.880000	628.812718
21	0.000000	5.880000	5.880000	661.643356
22	0.000000	5.880000	5.880000	694.378355
23	0.000000	5.880000	5.880000	727.130893
24	0.000000	5.880000	5.880000	759.635334
25	0.000000	5.880000	5.880000	792.275329
26	0.000000	5.880000	5.880000	824.805096
27	0.000000	5.880000	5.880000	857.353853
28	0.000000	5.880000	5.880000	889.812190
29	0.000000	5.880000	5.880000	922.384423
30	0.000000	5.880000	5.880000	954.923719
31	0.000000	5.880000	5.880000	987.484906
32	0.000000	5.880000	5.880000	1020.002247
33	0.000000	5.880000	5.880000	1052.538892
34	0.000000	5.880000	5.880000	1085.105082
35	0.000000	5.880000	5.880000	1117.809521
36	0.000000	5.880000	5.880000	1150.366410
37	0.000000	5.880000	5.880000	1182.988906
38	0.000000	5.880000	5.880000	1215.560957
39	0.000000	5.880000	5.880000	1248.159146
40	0.000000	5.880000	5.880000	1280.657184
41	0.000000	5.880000	5.880000	1313.270732
42	0.000000	5.880000	5.880000	1345.870444
43	0.000000	5.880000	5.880000	1378.425154
44	0.000000	5.880000	5.880000	1410.987082
45	0.000000	5.880000	5.880000	1443.558375
46	0.000000	5.880000	5.880000	1476.138959
47	0.000000	5.880000	5.880000	1508.683034
48	0.000000	5.880000	5.880000	1541.231609
49	0.000000	5.880000	5.880000	1573.830280
50	0.000000	5.880000	5.880000	1606.577281
51	0.000000	5.880000	5.880000	1639.248212
52	0.000000	5.880000	5.880000	1671.830796
53	0.000000	5.880000	5.880000	1704.557498
54	0.000000	5.880000	5.880000	1737.191363
55	0.000000	5.880000	5.880000	1769.840029
56	0.000000	5.880000	5.880000	1802.457004
57	0.000000	5.880000	5.880000	1835.008781
58	0.000000	5.880000	5.880000	1867.588813
59	0.000000	5.880000	5.880000	1900.273894
60	0.000000	5.880000	5.880000	1932.975561
61	0.000000	5.880000	5.880000	1965.669397
62	0.000000	5.880000	5.880000	1998.259280
63	0.000000	5.880000	5.880000	2030.920881
64	0.000000	5.880000	5.880000	2063.516492
65	0.000000	5.880000	5.880000	2096.173330
66	0.000000	5.880000	5.880000	2128.689613
67	0.000000	5.880000	5.880000	2161.313454
68	0.000000	5.880000	5.880000	2193.879316
69	0.000000	5.880000	5.880000	2226.485626
70	0.000000	5.880000	5.880000	2259.009383
71	0.000000	5.880000	5.880000	2291.580621
72	0.000000	5.880000	5.880000	2324.156211
73	0.000000	5.880000	5.880000	2356.784477
74	0.000000	5.880000	5.880000	2389.346319
75	0.000000	5.880000	5.880000	2421.951439
76	0.000000	5.880000	5.880000	2454.573708
77	0.000000	5.880000	5.880000	2487.061389
78	0.000000	5.880000	5.880000	2519.557540
79	0.000000	5.880000	5.880000	2552.043615
80	0.000000	5.880000	5.880000	2584.589140
81	0.000000	5.880000	5.880000	2617.126355
82	0.000000	5.880000	5.880000	2649.613003
83	0.000000	5.880000	5.880000	2682.133412
84	0.000000	5.880000	5.880000	2714.602884
85	0.000000	5.880000	5.880000	2747.103510
86	0.000000	5.880000	5.880000	2779.626997
87	0.000000	5.880000	5.880000	2812.164083
88	0.000000	5.880000	5.880000	2844.607716
89	0.000000	5.880000	5.880000	2877.121034
90	0.000000	5.880000	5.880000	2909.683371
91	0.000000	5.880000	5.880000	2942.248921
92	0.000000	5.880000	5.880000	2974.699846
93	0.000000	5.880000	5.880000	3007.203449
94	0.000000	5.880000	5.880000	3039.591363
95	0.000000	5.880000	5.880000	3072.062980
96	0.000000	5.880000	5.880000	3104.566482
97	0.000000	5.880000	5.880000	3136.988731
98	0.000000	5.880000	5.880000	3169.448962
99	0.000000	5.880000	5.880000	3202.102654
100	0.000000	5.880000	5.880000	3234.554993
101	0.000000	5.880000	5.880000	3267.128052
102	0.000000	5.880000	5.880000	3299.621533
103	0.000000	5.880000	5.880000	3332.047479
104	0.000000	5.880000	5.880000	3364.612828
105	0.000000	5.880000	5.880000	3397.146605
106	0.000000	5.880000	5.880000	3429.605482
107	0.000000	5.880000	5.880000	3462.142739
108	0.000000	5.880000	5.880000	3494.574683
109	0.000000	5.880000	5.880000	3527.014591
110	0.000000	5.880000	5.880000	3559.426071
111	0.000000	5.880000	5.880000	3591.901702
112	0.000000	5.880000	5.880000	3624.486048

0.000000	3624.486460
Agent policy:
  Deterministic policy v119_a0 --> 1.0
Nature policy:
  Environment 0, State 33 --> 0.6
  Environment 0, State 21 --> 0.0
  Environment 0, State 7 --> 0.4