0	0.000000	9.559193	9.559193	24.174249
2	0.000000	1.801674	1.801674	153.524426
3	0.000000	0.305782	0.305782	281.320625
4	0.000000	0.274243	0.274243	409.427494
5	0.000000	0.274243	0.274243	537.733440
6	0.000000	0.274243	0.274243	634.143160
7	0.000000	0.274243	0.274243	730.984312
8	0.000000	0.274243	0.274243	827.626324
9	0.000000	0.274243	0.274243	924.404624
10	0.000000	0.274243	0.274243	1021.348051
11	0.000000	0.274243	0.274243	1118.555931
12	0.000000	0.274243	0.274243	1215.620548
13	0.000000	0.274243	0.274243	1313.092058
14	0.000000	0.274243	0.274243	1410.323795
15	0.000000	0.274243	0.274243	1508.080686
16	0.000000	0.274243	0.274243	1605.335421
17	0.000000	0.274243	0.274243	1703.348361
18	0.000000	0.274243	0.274243	1800.961463
19	0.000000	0.274243	0.274243	1899.638502
20	0.000000	0.274243	0.274243	1997.486998
21	0.000000	0.274243	0.274243	2096.587523
22	0.000000	0.274243	0.274243	2194.534105
23	0.000000	0.274243	0.274243	2293.729169
24	0.000000	0.274243	0.274243	2391.789970
25	0.000000	0.274243	0.274243	2489.960744
26	0.000000	0.274243	0.274243	2589.776077
27	0.000000	0.274243	0.274243	2688.091331
28	0.000000	0.274243	0.274243	2786.552589
29	0.000000	0.274243	0.274243	2887.003755
30	0.000000	0.274243	0.274243	2985.571352
31	0.000000	0.274243	0.274243	3084.255294
32	0.000000	0.274243	0.274243	3185.673778
33	0.000000	0.274243	0.274243	3284.426529
34	0.000000	0.274243	0.274243	3383.022021
35	0.000000	0.274243	0.274243	3485.307435
36	0.000000	0.274243	0.274243	3584.347896
37	0.000000	0.274243	0.274243	3648.096267