0	0.000000	5.880000	5.880000	7.184825
2	0.000000	5.880000	5.880000	46.021885
3	0.000000	5.880000	5.880000	84.691437
4	0.000000	5.880000	5.880000	123.268193
5	0.000000	5.880000	5.880000	161.935652
6	0.000000	5.880000	5.880000	200.302195
7	0.000000	5.880000	5.880000	238.790840
8	0.000000	5.880000	5.880000	277.099875
9	0.000000	5.880000	5.880000	315.612481
10	0.000000	5.880000	5.880000	354.175870
11	0.000000	5.880000	5.880000	392.623176
12	0.000000	5.880000	5.880000	430.926195
13	0.000000	5.880000	5.880000	469.240716
14	0.000000	5.880000	5.880000	507.781397
15	0.000000	5.880000	5.880000	546.318326
16	0.000000	5.880000	5.880000	584.793787
17	0.000000	5.880000	5.880000	623.465127
18	0.000000	5.880000	5.880000	662.130096
19	0.000000	5.880000	5.880000	700.693045
20	0.000000	5.880000	5.880000	739.231219
21	0.000000	5.880000	5.880000	777.899451
22	0.000000	5.880000	5.880000	816.600534
23	0.000000	5.880000	5.880000	855.205828
24	0.000000	5.880000	5.880000	893.730948
25	0.000000	5.880000	5.880000	932.211282
26	0.000000	5.880000	5.880000	970.765907
27	0.000000	5.880000	5.880000	1009.341599
28	0.000000	5.880000	5.880000	1048.111617
29	0.000000	5.880000	5.880000	1086.715499
30	0.000000	5.880000	5.880000	1125.074717
31	0.000000	5.880000	5.880000	1163.577724
32	0.000000	5.880000	5.880000	1201.929143
33	0.000000	5.880000	5.880000	1240.436523
34	0.000000	5.880000	5.880000	1278.968794
35	0.000000	5.880000	5.880000	1317.539327
36	0.000000	5.880000	5.880000	1356.086946
37	0.000000	5.880000	5.880000	1394.750942
38	0.000000	5.880000	5.880000	1433.266986
39	0.000000	5.880000	5.880000	1472.090860
40	0.000000	5.880000	5.880000	1510.596261
41	0.000000	5.880000	5.880000	1549.085339
42	0.000000	5.880000	5.880000	1587.603500
43	0.000000	5.880000	5.880000	1626.259041
44	0.000000	5.880000	5.880000	1664.696314
45	0.000000	5.880000	5.880000	1703.084607
46	0.000000	5.880000	5.880000	1741.602016
47	0.000000	5.880000	5.880000	1780.232017
48	0.000000	5.880000	5.880000	1818.889779
49	0.000000	5.880000	5.880000	1857.555059
50	0.000000	5.880000	5.880000	1896.137741
51	0.000000	5.880000	5.880000	1934.647037
52	0.000000	5.880000	5.880000	1973.144044
53	0.000000	5.880000	5.880000	2011.566781
54	0.000000	5.880000	5.880000	2050.098870
55	0.000000	5.880000	5.880000	2088.683562
56	0.000000	5.880000	5.880000	2127.055693
57	0.000000	5.880000	5.880000	2165.396909
58	0.000000	5.880000	5.880000	2203.770568
59	0.000000	5.880000	5.880000	2242.298011
60	0.000000	5.880000	5.880000	2280.868179
61	0.000000	5.880000	5.880000	2319.493632
62	0.000000	5.880000	5.880000	2358.123157
63	0.000000	5.880000	5.880000	2396.802654
64	0.000000	5.880000	5.880000	2435.421821
65	0.000000	5.880000	5.880000	2473.811182
66	0.000000	5.880000	5.880000	2512.460073
67	0.000000	5.880000	5.880000	2551.125168
68	0.000000	5.880000	5.880000	2589.747384
69	0.000000	5.880000	5.880000	2628.587558
70	0.000000	5.880000	5.880000	2667.332374
71	0.000000	5.880000	5.880000	2706.011795
72	0.000000	5.880000	5.880000	2744.569058
73	0.000000	5.880000	5.880000	2783.212846
74	0.000000	5.880000	5.880000	2821.867429
75	0.000000	5.880000	5.880000	2860.392346
76	0.000000	5.880000	5.880000	2898.868616
77	0.000000	5.880000	5.880000	2937.355233
78	0.000000	5.880000	5.880000	2975.805012
79	0.000000	5.880000	5.880000	3014.459934
80	0.000000	5.880000	5.880000	3053.194945
81	0.000000	5.880000	5.880000	3091.699753
82	0.000000	5.880000	5.880000	3129.401936
83	0.000000	5.880000	5.880000	3167.193734
84	0.000000	5.880000	5.880000	3205.017188
85	0.000000	5.880000	5.880000	3243.016533
86	0.000000	5.880000	5.880000	3280.974394
87	0.000000	5.880000	5.880000	3318.796971
88	0.000000	5.880000	5.880000	3356.622867
89	0.000000	5.880000	5.880000	3394.251679
90	0.000000	5.880000	5.880000	3432.043326
91	0.000000	5.880000	5.880000	3469.836073
92	0.000000	5.880000	5.880000	3507.554167
93	0.000000	5.880000	5.880000	3545.343971
94	0.000000	5.880000	5.880000	3583.058778
95	0.000000	5.880000	5.880000	3620.643465

0.000000	3620.644423
Agent policy:
  Deterministic policy v102_a0 --> 1.0
Nature policy:
  Environment 0, State 31 --> 0.6
  Environment 0, State 7 --> 0.4
  Environment 0, State 23 --> 0.0