0	0.000000	9.562645	9.562645	36.041919
2	0.000000	1.782093	1.782093	134.438962
3	0.000000	0.308439	0.308439	230.064947
4	0.000000	0.308439	0.308439	294.117050
5	0.000000	0.308439	0.308439	358.344139
6	0.000000	0.308439	0.308439	422.339352
7	0.000000	0.308439	0.308439	486.461667
8	0.000000	0.308439	0.308439	550.660082
9	0.000000	0.308439	0.308439	614.865245
10	0.000000	0.308439	0.308439	678.956105
11	0.000000	0.308439	0.308439	742.755135
12	0.000000	0.308439	0.308439	807.017529
13	0.000000	0.308439	0.308439	870.907048
14	0.000000	0.308439	0.308439	934.883761
15	0.000000	0.308439	0.308439	998.865153
16	0.000000	0.308439	0.308439	1063.021860
17	0.000000	0.308439	0.308439	1127.093994
18	0.000000	0.308439	0.308439	1191.143375
19	0.000000	0.308439	0.308439	1255.237920
20	0.000000	0.308439	0.308439	1319.286696
21	0.000000	0.308439	0.308439	1383.461668
22	0.000000	0.308439	0.308439	1447.670211
23	0.000000	0.308439	0.308439	1511.752169
24	0.000000	0.308439	0.308439	1576.071543
25	0.000000	0.308439	0.308439	1640.062491
26	0.000000	0.308439	0.308439	1704.193061
27	0.000000	0.308439	0.308439	1768.405476
28	0.000000	0.308439	0.308439	1832.669274
29	0.000000	0.308439	0.308439	1896.704023
30	0.000000	0.308439	0.308439	1960.731262
31	0.000000	0.308439	0.308439	2024.862997
32	0.000000	0.308439	0.308439	2088.751648
33	0.000000	0.308439	0.308439	2152.857935
34	0.000000	0.308439	0.308439	2216.777504
35	0.000000	0.308439	0.308439	2280.955106
36	0.000000	0.308439	0.308439	2345.150002
37	0.000000	0.308439	0.308439	2409.217784
38	0.000000	0.308439	0.308439	2473.280737
39	0.000000	0.308439	0.308439	2537.288320
40	0.000000	0.308439	0.308439	2601.242924
41	0.000000	0.308439	0.308439	2665.332450
42	0.000000	0.308439	0.308439	2729.610151
43	0.000000	0.308439	0.308439	2793.800529
44	0.000000	0.308439	0.308439	2858.018602
45	0.000000	0.308439	0.308439	2922.257572
46	0.000000	0.308439	0.308439	2986.456490
47	0.000000	0.308439	0.308439	3050.619248
48	0.000000	0.308439	0.308439	3114.953833
49	0.000000	0.308439	0.308439	3179.172467
50	0.000000	0.308439	0.308439	3243.262714
51	0.000000	0.308439	0.308439	3307.360265
52	0.000000	0.308439	0.308439	3371.531194
53	0.000000	0.308439	0.308439	3435.727385
54	0.000000	0.308439	0.308439	3499.831350
55	0.000000	0.308439	0.308439	3564.140456
56	0.000000	0.308439	0.308439	3628.616974