0	0.000000	9.557400	9.557400	30.261006
2	0.000000	0.360447	0.360447	160.516355
3	0.000000	0.033362	0.033362	321.565696
4	0.000000	0.033362	0.033362	483.650783
5	0.000000	0.033362	0.033362	646.455033
6	0.000000	0.033362	0.033362	809.170642
7	0.000000	0.033362	0.033362	971.985257
8	0.000000	0.033362	0.033362	1134.360536
9	0.000000	0.033362	0.033362	1297.237989
10	0.000000	0.033362	0.033362	1459.736929
11	0.000000	0.033362	0.033362	1623.452715
12	0.000000	0.033362	0.033362	1786.401844
13	0.000000	0.033362	0.033362	1949.919485
14	0.000000	0.033362	0.033362	2112.686801
15	0.000000	0.033362	0.033362	2276.413404
16	0.000000	0.033362	0.033362	2439.851919
17	0.000000	0.033362	0.033362	2604.209786
18	0.000000	0.033362	0.033362	2768.190258
19	0.000000	0.033362	0.033362	2933.442174
20	0.000000	0.033362	0.033362	3096.907224
21	0.000000	0.033362	0.033362	3261.972967
22	0.000000	0.033362	0.033362	3425.775449
23	0.000000	0.033362	0.033362	3591.153342
24	0.000000	0.033362	0.033362	3622.921206