0	0.000000	10.406565	10.406565	24.000758
2	0.000000	0.425804	0.425804	120.340503
3	0.000000	0.058322	0.058322	247.797874
4	0.000000	0.058062	0.058062	375.554867
5	0.000000	0.058062	0.058062	503.356778
6	0.000000	0.058062	0.058062	599.604864
7	0.000000	0.058062	0.058062	695.779634
8	0.000000	0.058062	0.058062	792.062549
9	0.000000	0.058062	0.058062	888.212706
10	0.000000	0.058062	0.058062	984.287238
11	0.000000	0.058062	0.058062	1080.510626
12	0.000000	0.058062	0.058062	1176.536106
13	0.000000	0.058062	0.058062	1272.756684
14	0.000000	0.058062	0.058062	1368.959000
15	0.000000	0.058062	0.058062	1464.864375
16	0.000000	0.058062	0.058062	1561.063977
17	0.000000	0.058062	0.058062	1657.327910
18	0.000000	0.058062	0.058062	1753.513865
19	0.000000	0.058062	0.058062	1849.536832
20	0.000000	0.058062	0.058062	1945.796436
21	0.000000	0.058062	0.058062	2041.991366
22	0.000000	0.058062	0.058062	2138.139045
23	0.000000	0.058062	0.058062	2234.149255
24	0.000000	0.058062	0.058062	2330.530719
25	0.000000	0.058062	0.058062	2426.985697
26	0.000000	0.058062	0.058062	2523.283148
27	0.000000	0.058062	0.058062	2619.462886
28	0.000000	0.058062	0.058062	2715.474934
29	0.000000	0.058062	0.058062	2811.653886
30	0.000000	0.058062	0.058062	2907.904850
31	0.000000	0.058062	0.058062	3003.974568
32	0.000000	0.058062	0.058062	3100.226993
33	0.000000	0.058062	0.058062	3196.381418
34	0.000000	0.058062	0.058062	3292.651962
35	0.000000	0.058062	0.058062	3388.704454
36	0.000000	0.058062	0.058062	3485.009276
37	0.000000	0.058062	0.058062	3581.327671
38	0.000000	0.058062	0.058062	3644.596915