0	0.000000	9.562426	9.562426	29.625754
2	0.000000	1.631319	1.631319	158.464371
3	0.000000	0.274026	0.274026	283.948861
4	0.000000	0.274026	0.274026	379.568792
5	0.000000	0.274026	0.274026	475.117145
6	0.000000	0.274026	0.274026	570.204665
7	0.000000	0.274026	0.274026	665.773895
8	0.000000	0.274026	0.274026	761.382628
9	0.000000	0.274026	0.274026	857.160167
10	0.000000	0.274026	0.274026	952.866740
11	0.000000	0.274026	0.274026	1048.592016
12	0.000000	0.274026	0.274026	1144.502501
13	0.000000	0.274026	0.274026	1240.334544
14	0.000000	0.274026	0.274026	1336.376012
15	0.000000	0.274026	0.274026	1432.237711
16	0.000000	0.274026	0.274026	1527.917176
17	0.000000	0.274026	0.274026	1623.819424
18	0.000000	0.274026	0.274026	1719.648760
19	0.000000	0.274026	0.274026	1815.568961
20	0.000000	0.274026	0.274026	1911.123821
21	0.000000	0.274026	0.274026	2006.843815
22	0.000000	0.274026	0.274026	2102.482763
23	0.000000	0.274026	0.274026	2198.253003
24	0.000000	0.274026	0.274026	2294.069448
25	0.000000	0.274026	0.274026	2389.765697
26	0.000000	0.274026	0.274026	2485.817797
27	0.000000	0.274026	0.274026	2581.617619
28	0.000000	0.274026	0.274026	2677.044115
29	0.000000	0.274026	0.274026	2772.690723
30	0.000000	0.274026	0.274026	2868.255973
31	0.000000	0.274026	0.274026	2963.803008
32	0.000000	0.274026	0.274026	3059.301608
33	0.000000	0.274026	0.274026	3154.878752
34	0.000000	0.274026	0.274026	3250.745610
35	0.000000	0.274026	0.274026	3346.285442
36	0.000000	0.274026	0.274026	3441.667331
37	0.000000	0.274026	0.274026	3537.196961
38	0.000000	0.274026	0.274026	3632.954506