0	0.000000	6.842176	6.842176	5.988808
2	0.000000	6.842176	6.842176	38.346878
3	0.000000	6.842176	6.842176	70.699885
4	0.000000	6.842176	6.842176	103.200596
5	0.000000	6.842176	6.842176	135.568074
6	0.000000	6.842176	6.842176	167.851137
7	0.000000	6.842176	6.842176	200.341335
8	0.000000	6.842176	6.842176	232.818302
9	0.000000	6.842176	6.842176	265.292746
10	0.000000	6.842176	6.842176	297.897486
11	0.000000	6.842176	6.842176	330.418599
12	0.000000	6.842176	6.842176	362.908398
13	0.000000	6.842176	6.842176	395.248677
14	0.000000	6.842176	6.842176	427.790118
15	0.000000	6.842176	6.842176	460.262089
16	0.000000	6.842176	6.842176	492.805599
17	0.000000	6.842176	6.842176	525.428164
18	0.000000	6.842176	6.842176	557.958164
19	0.000000	6.842176	6.842176	590.387195
20	0.000000	6.842176	6.842176	622.845006
21	0.000000	6.842176	6.842176	655.269322
22	0.000000	6.842176	6.842176	687.819613
23	0.000000	6.842176	6.842176	720.446105
24	0.000000	6.842176	6.842176	752.911959
25	0.000000	6.842176	6.842176	785.346203
26	0.000000	6.842176	6.842176	817.763793
27	0.000000	6.842176	6.842176	850.302720
28	0.000000	6.842176	6.842176	882.822502
29	0.000000	6.842176	6.842176	915.427252
30	0.000000	6.842176	6.842176	947.905017
31	0.000000	6.842176	6.842176	980.366892
32	0.000000	6.842176	6.842176	1012.783515
33	0.000000	6.842176	6.842176	1045.246164
34	0.000000	6.842176	6.842176	1077.671813
35	0.000000	6.842176	6.842176	1110.175816
36	0.000000	6.842176	6.842176	1142.531737
37	0.000000	6.842176	6.842176	1174.988081
38	0.000000	6.842176	6.842176	1207.376408
39	0.000000	6.842176	6.842176	1239.861236
40	0.000000	6.842176	6.842176	1272.409110
41	0.000000	6.842176	6.842176	1304.943311
42	0.000000	6.842176	6.842176	1337.463784
43	0.000000	6.842176	6.842176	1370.009234
44	0.000000	6.842176	6.842176	1402.514903
45	0.000000	6.842176	6.842176	1435.063850
46	0.000000	6.842176	6.842176	1467.529585
47	0.000000	6.842176	6.842176	1500.079276
48	0.000000	6.842176	6.842176	1532.628651
49	0.000000	6.842176	6.842176	1565.229541
50	0.000000	6.842176	6.842176	1597.815917
51	0.000000	6.842176	6.842176	1630.328779
52	0.000000	6.842176	6.842176	1662.758208
53	0.000000	6.842176	6.842176	1695.283416
54	0.000000	6.842176	6.842176	1727.704855
55	0.000000	6.842176	6.842176	1760.237113
56	0.000000	6.842176	6.842176	1792.754838
57	0.000000	6.842176	6.842176	1825.236669
58	0.000000	6.842176	6.842176	1857.725672
59	0.000000	6.842176	6.842176	1890.301360
60	0.000000	6.842176	6.842176	1922.768269
61	0.000000	6.842176	6.842176	1955.327139
62	0.000000	6.842176	6.842176	1987.870261
63	0.000000	6.842176	6.842176	2020.395867
64	0.000000	6.842176	6.842176	2052.936239
65	0.000000	6.842176	6.842176	2085.639254
66	0.000000	6.842176	6.842176	2118.144628
67	0.000000	6.842176	6.842176	2150.662159
68	0.000000	6.842176	6.842176	2183.134976
69	0.000000	6.842176	6.842176	2215.613096
70	0.000000	6.842176	6.842176	2248.003815
71	0.000000	6.842176	6.842176	2280.610483
72	0.000000	6.842176	6.842176	2313.061506
73	0.000000	6.842176	6.842176	2345.607317
74	0.000000	6.842176	6.842176	2378.152811
75	0.000000	6.842176	6.842176	2410.638790
76	0.000000	6.842176	6.842176	2443.121210
77	0.000000	6.842176	6.842176	2475.650149
78	0.000000	6.842176	6.842176	2508.279961
79	0.000000	6.842176	6.842176	2540.788679
80	0.000000	6.842176	6.842176	2573.329206
81	0.000000	6.842176	6.842176	2605.905837
82	0.000000	6.842176	6.842176	2638.460007
83	0.000000	6.842176	6.842176	2671.116117
84	0.000000	6.842176	6.842176	2703.708457
85	0.000000	6.842176	6.842176	2736.391409
86	0.000000	6.842176	6.842176	2768.913621
87	0.000000	6.842176	6.842176	2801.496743
88	0.000000	6.842176	6.842176	2833.915449
89	0.000000	6.842176	6.842176	2866.527393
90	0.000000	6.842176	6.842176	2898.954165
91	0.000000	6.842176	6.842176	2931.507087
92	0.000000	6.842176	6.842176	2964.118682
93	0.000000	6.842176	6.842176	2996.652587
94	0.000000	6.842176	6.842176	3029.259245
95	0.000000	6.842176	6.842176	3061.925270
96	0.000000	6.842176	6.842176	3094.423168
97	0.000000	6.842176	6.842176	3126.957632
98	0.000000	6.842176	6.842176	3159.519360
99	0.000000	6.842176	6.842176	3192.095225
100	0.000000	6.842176	6.842176	3224.608041
101	0.000000	6.842176	6.842176	3256.874963
102	0.000000	6.842176	6.842176	3288.986162
103	0.000000	6.842176	6.842176	3321.170323
104	0.000000	6.842176	6.842176	3353.211751
105	0.000000	6.842176	6.842176	3385.292140
106	0.000000	6.842176	6.842176	3417.341583
107	0.000000	6.842176	6.842176	3449.430956
108	0.000000	6.842176	6.842176	3481.548379
109	0.000000	6.842176	6.842176	3513.609215
110	0.000000	6.842176	6.842176	3545.707406
111	0.000000	6.842176	6.842176	3577.792506
112	0.000000	6.842176	6.842176	3609.774461

0.000000	3609.775349
Agent policy:
  Deterministic policy v119_a0 --> 1.0
Nature policy:
  Environment 0, State 24 --> 0.534545
  Environment 0, State 33 --> 0.0
  Environment 0, State 7 --> 0.465455