0	0.000000	10.410080	10.410080	35.727170
2	0.000000	2.739780	2.739780	101.312377
3	0.000000	2.639780	2.639780	164.085923
4	0.000000	2.639780	2.639780	227.171373
5	0.000000	2.639780	2.639780	258.574453
6	0.000000	2.639780	2.639780	289.983768
7	0.000000	2.639780	2.639780	321.402840
8	0.000000	2.639780	2.639780	352.782183
9	0.000000	2.639780	2.639780	384.144326
10	0.000000	2.639780	2.639780	415.538596
11	0.000000	2.639780	2.639780	446.949064
12	0.000000	2.639780	2.639780	478.402898
13	0.000000	2.639780	2.639780	509.814121
14	0.000000	2.639780	2.639780	541.179847
15	0.000000	2.639780	2.639780	572.496164
16	0.000000	2.639780	2.639780	603.929877
17	0.000000	2.639780	2.639780	635.265321
18	0.000000	2.639780	2.639780	666.666426
19	0.000000	2.639780	2.639780	698.044297
20	0.000000	2.639780	2.639780	729.458875
21	0.000000	2.639780	2.639780	760.825208
22	0.000000	2.639780	2.639780	792.120270
23	0.000000	2.639780	2.639780	823.416889
24	0.000000	2.639780	2.639780	854.798831
25	0.000000	2.639780	2.639780	886.007733
26	0.000000	2.639780	2.639780	917.266798
27	0.000000	2.639780	2.639780	948.606639
28	0.000000	2.639780	2.639780	979.977386
29	0.000000	2.639780	2.639780	1011.306875
30	0.000000	2.639780	2.639780	1042.608882
31	0.000000	2.639780	2.639780	1074.005402
32	0.000000	2.639780	2.639780	1105.298240
33	0.000000	2.639780	2.639780	1136.663885
34	0.000000	2.639780	2.639780	1167.890534
35	0.000000	2.639780	2.639780	1199.190134
36	0.000000	2.639780	2.639780	1230.586666
37	0.000000	2.639780	2.639780	1261.959663
38	0.000000	2.639780	2.639780	1293.321777
39	0.000000	2.639780	2.639780	1324.662759
40	0.000000	2.639780	2.639780	1355.996609
41	0.000000	2.639780	2.639780	1387.336735
42	0.000000	2.639780	2.639780	1418.693470
43	0.000000	2.639780	2.639780	1450.012165
44	0.000000	2.639780	2.639780	1481.337363
45	0.000000	2.639780	2.639780	1512.653121
46	0.000000	2.639780	2.639780	1543.941427
47	0.000000	2.639780	2.639780	1575.269753
48	0.000000	2.639780	2.639780	1606.583527
49	0.000000	2.639780	2.639780	1637.924915
50	0.000000	2.639780	2.639780	1669.314181
51	0.000000	2.639780	2.639780	1700.634261
52	0.000000	2.639780	2.639780	1731.965013
53	0.000000	2.639780	2.639780	1763.316378
54	0.000000	2.639780	2.639780	1794.676936
55	0.000000	2.639780	2.639780	1826.058508
56	0.000000	2.639780	2.639780	1857.381814
57	0.000000	2.639780	2.639780	1888.712054
58	0.000000	2.639780	2.639780	1920.227096
59	0.000000	2.639780	2.639780	1951.511821
60	0.000000	2.639780	2.639780	1982.975631
61	0.000000	2.639780	2.639780	2014.292947
62	0.000000	2.639780	2.639780	2045.627235
63	0.000000	2.639780	2.639780	2076.964439
64	0.000000	2.639780	2.639780	2108.266690
65	0.000000	2.639780	2.639780	2139.627204
66	0.000000	2.639780	2.639780	2171.058826
67	0.000000	2.639780	2.639780	2202.475862
68	0.000000	2.639780	2.639780	2233.816339
69	0.000000	2.639780	2.639780	2265.143568
70	0.000000	2.639780	2.639780	2296.481635
71	0.000000	2.639780	2.639780	2327.862402
72	0.000000	2.639780	2.639780	2359.232818
73	0.000000	2.639780	2.639780	2390.598811
74	0.000000	2.639780	2.639780	2422.034422
75	0.000000	2.639780	2.639780	2453.360835
76	0.000000	2.639780	2.639780	2484.738562
77	0.000000	2.639780	2.639780	2516.233066
78	0.000000	2.639780	2.639780	2547.589522
79	0.000000	2.639780	2.639780	2579.067662
80	0.000000	2.639780	2.639780	2610.289531
81	0.000000	2.639780	2.639780	2641.755903
82	0.000000	2.639780	2.639780	2673.064513
83	0.000000	2.639780	2.639780	2704.409242
84	0.000000	2.639780	2.639780	2735.765890
85	0.000000	2.639780	2.639780	2767.114724
86	0.000000	2.639780	2.639780	2798.391956
87	0.000000	2.639780	2.639780	2829.729618
88	0.000000	2.639780	2.639780	2861.112473
89	0.000000	2.639780	2.639780	2892.452912
90	0.000000	2.639780	2.639780	2923.764945
91	0.000000	2.639780	2.639780	2955.134561
92	0.000000	2.639780	2.639780	2986.461786
93	0.000000	2.639780	2.639780	3017.844685
94	0.000000	2.639780	2.639780	3049.204823
95	0.000000	2.639780	2.639780	3080.620011
96	0.000000	2.639780	2.639780	3111.936256
97	0.000000	2.639780	2.639780	3143.311558
98	0.000000	2.639780	2.639780	3174.571306
99	0.000000	2.639780	2.639780	3205.900809
100	0.000000	2.639780	2.639780	3237.220115
101	0.000000	2.639780	2.639780	3268.571567
102	0.000000	2.639780	2.639780	3299.877724
103	0.000000	2.639780	2.639780	3331.329017
104	0.000000	2.639780	2.639780	3362.658129
105	0.000000	2.639780	2.639780	3394.031962
106	0.000000	2.639780	2.639780	3425.431451
107	0.000000	2.639780	2.639780	3456.798463
108	0.000000	2.639780	2.639780	3488.173362
109	0.000000	2.639780	2.639780	3519.517448
110	0.000000	2.639780	2.639780	3550.820392
111	0.000000	2.639780	2.639780	3582.185164
112	0.000000	2.639780	2.639780	3613.569834