0	0.000000	9.559193	9.559193	23.365801
2	0.000000	1.801674	1.801674	150.027988
3	0.000000	0.283536	0.283536	275.260925
4	0.000000	0.245361	0.245361	400.729476
5	0.000000	0.245361	0.245361	526.694043
6	0.000000	0.245361	0.245361	621.640921
7	0.000000	0.245361	0.245361	716.476876
8	0.000000	0.245361	0.245361	811.797612
9	0.000000	0.245361	0.245361	907.144657
10	0.000000	0.245361	0.245361	1002.732110
11	0.000000	0.245361	0.245361	1098.317067
12	0.000000	0.245361	0.245361	1194.041080
13	0.000000	0.245361	0.245361	1289.790462
14	0.000000	0.245361	0.245361	1385.711652
15	0.000000	0.245361	0.245361	1481.686985
16	0.000000	0.245361	0.245361	1577.443723
17	0.000000	0.245361	0.245361	1673.927872
18	0.000000	0.245361	0.245361	1769.890151
19	0.000000	0.245361	0.245361	1866.703683
20	0.000000	0.245361	0.245361	1962.601031
21	0.000000	0.245361	0.245361	2060.383295
22	0.000000	0.245361	0.245361	2156.695625
23	0.000000	0.245361	0.245361	2254.179469
24	0.000000	0.245361	0.245361	2350.622392
25	0.000000	0.245361	0.245361	2447.375663
26	0.000000	0.245361	0.245361	2545.667839
27	0.000000	0.245361	0.245361	2642.052711
28	0.000000	0.245361	0.245361	2738.465472
29	0.000000	0.245361	0.245361	2837.071639
30	0.000000	0.245361	0.245361	2933.711921
31	0.000000	0.245361	0.245361	3030.736095
32	0.000000	0.245361	0.245361	3130.406294
33	0.000000	0.245361	0.245361	3227.487896
34	0.000000	0.245361	0.245361	3324.438582
35	0.000000	0.245361	0.245361	3424.637870
36	0.000000	0.245361	0.245361	3521.773267
37	0.000000	0.245361	0.245361	3619.137588