0	0.000000	10.406565	10.406565	23.746487
2	0.000000	0.425804	0.425804	119.923301
3	0.000000	0.058322	0.058322	247.673112
4	0.000000	0.058062	0.058062	375.746958
5	0.000000	0.058062	0.058062	503.433722
6	0.000000	0.058062	0.058062	599.817782
7	0.000000	0.058062	0.058062	695.910910
8	0.000000	0.058062	0.058062	792.059759
9	0.000000	0.058062	0.058062	888.096474
10	0.000000	0.058062	0.058062	984.395193
11	0.000000	0.058062	0.058062	1080.736971
12	0.000000	0.058062	0.058062	1177.101003
13	0.000000	0.058062	0.058062	1273.421573
14	0.000000	0.058062	0.058062	1370.122737
15	0.000000	0.058062	0.058062	1466.509961
16	0.000000	0.058062	0.058062	1562.922474
17	0.000000	0.058062	0.058062	1659.029766
18	0.000000	0.058062	0.058062	1755.672189
19	0.000000	0.058062	0.058062	1852.018189
20	0.000000	0.058062	0.058062	1948.443019
21	0.000000	0.058062	0.058062	2044.691643
22	0.000000	0.058062	0.058062	2141.284809
23	0.000000	0.058062	0.058062	2237.569390
24	0.000000	0.058062	0.058062	2333.844179
25	0.000000	0.058062	0.058062	2429.843036
26	0.000000	0.058062	0.058062	2526.374422
27	0.000000	0.058062	0.058062	2622.558067
28	0.000000	0.058062	0.058062	2718.891323
29	0.000000	0.058062	0.058062	2815.062442
30	0.000000	0.058062	0.058062	2911.608574
31	0.000000	0.058062	0.058062	3007.892910
32	0.000000	0.058062	0.058062	3104.555797
33	0.000000	0.058062	0.058062	3200.756541
34	0.000000	0.058062	0.058062	3297.049124
35	0.000000	0.058062	0.058062	3393.056807
36	0.000000	0.058062	0.058062	3489.316749
37	0.000000	0.058062	0.058062	3585.314876
38	0.000000	0.058062	0.058062	3648.888684