0	0.000000	9.516244	9.516244	17.861820
2	0.000000	1.884998	1.884998	114.124223
3	0.000000	0.319778	0.319778	210.292622
4	0.000000	0.319778	0.319778	305.477677
5	0.000000	0.319778	0.319778	400.729534
6	0.000000	0.319778	0.319778	495.891135
7	0.000000	0.319778	0.319778	590.977520
8	0.000000	0.319778	0.319778	686.492853
9	0.000000	0.319778	0.319778	781.897408
10	0.000000	0.319778	0.319778	877.319310
11	0.000000	0.319778	0.319778	972.782169
12	0.000000	0.319778	0.319778	1067.969059
13	0.000000	0.319778	0.319778	1163.205688
14	0.000000	0.319778	0.319778	1258.290620
15	0.000000	0.319778	0.319778	1353.348714
16	0.000000	0.319778	0.319778	1448.752539
17	0.000000	0.319778	0.319778	1544.326926
18	0.000000	0.319778	0.319778	1639.274976
19	0.000000	0.319778	0.319778	1734.497580
20	0.000000	0.319778	0.319778	1829.713746
21	0.000000	0.319778	0.319778	1924.779414
22	0.000000	0.319778	0.319778	2019.932634
23	0.000000	0.319778	0.319778	2115.311552
24	0.000000	0.319778	0.319778	2210.959995
25	0.000000	0.319778	0.319778	2306.438136
26	0.000000	0.319778	0.319778	2401.645844
27	0.000000	0.319778	0.319778	2497.065333
28	0.000000	0.319778	0.319778	2592.457451
29	0.000000	0.319778	0.319778	2687.943503
30	0.000000	0.319778	0.319778	2783.153359
31	0.000000	0.319778	0.319778	2878.531780
32	0.000000	0.319778	0.319778	2974.288124
33	0.000000	0.319778	0.319778	3069.809844
34	0.000000	0.319778	0.319778	3165.513088
35	0.000000	0.319778	0.319778	3260.801736
36	0.000000	0.319778	0.319778	3356.133364
37	0.000000	0.319778	0.319778	3451.452896
38	0.000000	0.319778	0.319778	3546.587977
39	0.000000	0.319778	0.319778	3641.965581