0	0.000000	9.516244	9.516244	17.591871
2	0.000000	1.884998	1.884998	112.703548
3	0.000000	0.293408	0.293408	207.000162
4	0.000000	0.293408	0.293408	301.133750
5	0.000000	0.293408	0.293408	395.454791
6	0.000000	0.293408	0.293408	489.992087
7	0.000000	0.293408	0.293408	584.723227
8	0.000000	0.293408	0.293408	679.538142
9	0.000000	0.293408	0.293408	774.957639
10	0.000000	0.293408	0.293408	869.978979
11	0.000000	0.293408	0.293408	965.175853
12	0.000000	0.293408	0.293408	1060.387930
13	0.000000	0.293408	0.293408	1155.830413
14	0.000000	0.293408	0.293408	1251.154773
15	0.000000	0.293408	0.293408	1346.963372
16	0.000000	0.293408	0.293408	1442.205618
17	0.000000	0.293408	0.293408	1538.179387
18	0.000000	0.293408	0.293408	1633.513463
19	0.000000	0.293408	0.293408	1730.069030
20	0.000000	0.293408	0.293408	1825.623287
21	0.000000	0.293408	0.293408	1922.370372
22	0.000000	0.293408	0.293408	2018.044574
23	0.000000	0.293408	0.293408	2115.068847
24	0.000000	0.293408	0.293408	2210.989038
25	0.000000	0.293408	0.293408	2307.130544
26	0.000000	0.293408	0.293408	2404.775802
27	0.000000	0.293408	0.293408	2500.781497
28	0.000000	0.293408	0.293408	2596.943214
29	0.000000	0.293408	0.293408	2695.492367
30	0.000000	0.293408	0.293408	2792.020322
31	0.000000	0.293408	0.293408	2888.510798
32	0.000000	0.293408	0.293408	2987.654271
33	0.000000	0.293408	0.293408	3084.100454
34	0.000000	0.293408	0.293408	3180.928959
35	0.000000	0.293408	0.293408	3280.547355
36	0.000000	0.293408	0.293408	3377.366882
37	0.000000	0.293408	0.293408	3474.241291
38	0.000000	0.293408	0.293408	3571.370822
39	0.000000	0.293408	0.293408	3672.492703