0	0.000000	9.562645	9.562645	35.979194
2	0.000000	1.631694	1.631694	168.737673
3	0.000000	0.305259	0.305259	265.162844
4	0.000000	0.294539	0.294539	361.628800
5	0.000000	0.294539	0.294539	458.035757
6	0.000000	0.294539	0.294539	522.680506
7	0.000000	0.294539	0.294539	587.227522
8	0.000000	0.294539	0.294539	651.712147
9	0.000000	0.294539	0.294539	716.352404
10	0.000000	0.294539	0.294539	780.996351
11	0.000000	0.294539	0.294539	845.552798
12	0.000000	0.294539	0.294539	910.221911
13	0.000000	0.294539	0.294539	974.928955
14	0.000000	0.294539	0.294539	1039.642647
15	0.000000	0.294539	0.294539	1104.365547
16	0.000000	0.294539	0.294539	1168.953397
17	0.000000	0.294539	0.294539	1233.541038
18	0.000000	0.294539	0.294539	1298.199092
19	0.000000	0.294539	0.294539	1362.976193
20	0.000000	0.294539	0.294539	1427.557196
21	0.000000	0.294539	0.294539	1492.057743
22	0.000000	0.294539	0.294539	1556.767458
23	0.000000	0.294539	0.294539	1621.351205
24	0.000000	0.294539	0.294539	1686.049410
25	0.000000	0.294539	0.294539	1750.919214
26	0.000000	0.294539	0.294539	1815.646835
27	0.000000	0.294539	0.294539	1880.305902
28	0.000000	0.294539	0.294539	1944.987233
29	0.000000	0.294539	0.294539	2009.444035
30	0.000000	0.294539	0.294539	2073.979510
31	0.000000	0.294539	0.294539	2138.613102
32	0.000000	0.294539	0.294539	2202.985768
33	0.000000	0.294539	0.294539	2267.572137
34	0.000000	0.294539	0.294539	2332.258472
35	0.000000	0.294539	0.294539	2396.738510
36	0.000000	0.294539	0.294539	2461.254321
37	0.000000	0.294539	0.294539	2525.800011
38	0.000000	0.294539	0.294539	2590.336470
39	0.000000	0.294539	0.294539	2654.745385
40	0.000000	0.294539	0.294539	2719.205549
41	0.000000	0.294539	0.294539	2784.058879
42	0.000000	0.294539	0.294539	2848.684427
43	0.000000	0.294539	0.294539	2913.398886
44	0.000000	0.294539	0.294539	2977.996553
45	0.000000	0.294539	0.294539	3042.609401
46	0.000000	0.294539	0.294539	3107.337260
47	0.000000	0.294539	0.294539	3172.008664
48	0.000000	0.294539	0.294539	3236.634044
49	0.000000	0.294539	0.294539	3301.083063
50	0.000000	0.294539	0.294539	3365.556364
51	0.000000	0.294539	0.294539	3429.881820
52	0.000000	0.294539	0.294539	3494.608186
53	0.000000	0.294539	0.294539	3559.205130
54	0.000000	0.294539	0.294539	3623.652242