0	0.000000	10.409824	10.409824	30.169275
2	0.000000	0.425439	0.425439	127.239174
3	0.000000	0.058477	0.058477	254.674578
4	0.000000	0.058477	0.058477	414.232784
5	0.000000	0.058477	0.058477	542.143790
6	0.000000	0.058477	0.058477	638.532209
7	0.000000	0.058477	0.058477	734.967600
8	0.000000	0.058477	0.058477	831.453063
9	0.000000	0.058477	0.058477	928.001510
10	0.000000	0.058477	0.058477	1024.355563
11	0.000000	0.058477	0.058477	1120.984829
12	0.000000	0.058477	0.058477	1217.803544
13	0.000000	0.058477	0.058477	1314.923900
14	0.000000	0.058477	0.058477	1411.671532
15	0.000000	0.058477	0.058477	1508.784739
16	0.000000	0.058477	0.058477	1605.525735
17	0.000000	0.058477	0.058477	1702.870733
18	0.000000	0.058477	0.058477	1799.662683
19	0.000000	0.058477	0.058477	1897.292338
20	0.000000	0.058477	0.058477	1994.491259
21	0.000000	0.058477	0.058477	2092.407150
22	0.000000	0.058477	0.058477	2189.822244
23	0.000000	0.058477	0.058477	2288.094159
24	0.000000	0.058477	0.058477	2385.371444
25	0.000000	0.058477	0.058477	2484.317136
26	0.000000	0.058477	0.058477	2582.095833
27	0.000000	0.058477	0.058477	2679.692255
28	0.000000	0.058477	0.058477	2779.048115
29	0.000000	0.058477	0.058477	2876.864496
30	0.000000	0.058477	0.058477	2974.792215
31	0.000000	0.058477	0.058477	3074.894064
32	0.000000	0.058477	0.058477	3172.857882
33	0.000000	0.058477	0.058477	3270.988868
34	0.000000	0.058477	0.058477	3371.899136
35	0.000000	0.058477	0.058477	3470.140333
36	0.000000	0.058477	0.058477	3568.425449
37	0.000000	0.058477	0.058477	3669.982068