0	0.000000	10.406565	10.406565	23.824224
2	0.000000	0.425804	0.425804	119.642974
3	0.000000	0.062779	0.062779	245.994885
4	0.000000	0.057703	0.057703	372.868740
5	0.000000	0.057703	0.057703	500.194903
6	0.000000	0.057703	0.057703	596.020015
7	0.000000	0.057703	0.057703	691.877659
8	0.000000	0.057703	0.057703	787.673981
9	0.000000	0.057703	0.057703	883.734956
10	0.000000	0.057703	0.057703	980.058870
11	0.000000	0.057703	0.057703	1076.208900
12	0.000000	0.057703	0.057703	1172.541662
13	0.000000	0.057703	0.057703	1268.876949
14	0.000000	0.057703	0.057703	1365.432528
15	0.000000	0.057703	0.057703	1462.485760
16	0.000000	0.057703	0.057703	1558.933443
17	0.000000	0.057703	0.057703	1656.223649
18	0.000000	0.057703	0.057703	1752.815176
19	0.000000	0.057703	0.057703	1850.235230
20	0.000000	0.057703	0.057703	1947.185050
21	0.000000	0.057703	0.057703	2045.381801
22	0.000000	0.057703	0.057703	2142.325340
23	0.000000	0.057703	0.057703	2240.685055
24	0.000000	0.057703	0.057703	2337.792268
25	0.000000	0.057703	0.057703	2434.793881
26	0.000000	0.057703	0.057703	2533.887901
27	0.000000	0.057703	0.057703	2631.490202
28	0.000000	0.057703	0.057703	2729.062131
29	0.000000	0.057703	0.057703	2828.738291
30	0.000000	0.057703	0.057703	2926.290427
31	0.000000	0.057703	0.057703	3024.153356
32	0.000000	0.057703	0.057703	3124.347933
33	0.000000	0.057703	0.057703	3222.149000
34	0.000000	0.057703	0.057703	3320.098110
35	0.000000	0.057703	0.057703	3420.941287
36	0.000000	0.057703	0.057703	3518.812839
37	0.000000	0.057703	0.057703	3616.796912

