0	0.000000	9.522464	9.522464	23.984778
2	0.000000	0.362956	0.362956	152.863577
3	0.000000	0.041855	0.041855	281.808707
4	0.000000	9.550508	9.550508	410.875141
5	0.000000	1.498534	1.498534	544.442576
6	0.000000	0.119743	0.119743	680.534597
7	0.000000	0.005790	0.005790	814.402909
8	0.000000	0.005135	0.005135	943.774142
9	0.000000	0.005135	0.005135	1073.139503
10	0.000000	0.005135	0.005135	1203.005359
11	0.000000	0.005135	0.005135	1332.434209
12	0.000000	0.005135	0.005135	1461.992144
13	0.000000	0.005135	0.005135	1591.432063
14	0.000000	0.005135	0.005135	1720.719671
15	0.000000	0.005135	0.005135	1850.258547
16	0.000000	0.005135	0.005135	1979.819534
17	0.000000	0.005135	0.005135	2109.376597
18	0.000000	0.005135	0.005135	2238.712471
19	0.000000	0.005135	0.005135	2368.319107
20	0.000000	0.005135	0.005135	2497.982430
21	0.000000	0.005135	0.005135	2627.495215
22	0.000000	0.005135	0.005135	2757.006729
23	0.000000	0.005135	0.005135	2886.631869
24	0.000000	0.005135	0.005135	3016.216360
25	0.000000	0.005135	0.005135	3146.047437
26	0.000000	0.005135	0.005135	3275.472063
27	0.000000	0.005135	0.005135	3405.049628
28	0.000000	0.005135	0.005135	3534.471814
29	0.000000	0.005135	0.005135	3664.413167