0	0.000000	10.335019	10.335019	11.990939
2	0.000000	2.686185	2.686185	75.570873
3	0.000000	2.686185	2.686185	138.844792
4	0.000000	2.686185	2.686185	170.453398
5	0.000000	2.686185	2.686185	202.226496
6	0.000000	2.686185	2.686185	233.839455
7	0.000000	2.686185	2.686185	265.476440
8	0.000000	2.686185	2.686185	297.059706
9	0.000000	2.686185	2.686185	328.848526
10	0.000000	2.686185	2.686185	360.566806
11	0.000000	2.686185	2.686185	392.244125
12	0.000000	2.686185	2.686185	423.868436
13	0.000000	2.686185	2.686185	455.645100
14	0.000000	2.686185	2.686185	487.303965
15	0.000000	2.686185	2.686185	518.840338
16	0.000000	2.686185	2.686185	550.548209
17	0.000000	2.686185	2.686185	582.162567
18	0.000000	2.686185	2.686185	613.781242
19	0.000000	2.686185	2.686185	645.264255
20	0.000000	2.686185	2.686185	676.811828
21	0.000000	2.686185	2.686185	708.315300
22	0.000000	2.686185	2.686185	739.926915
23	0.000000	2.686185	2.686185	771.636354
24	0.000000	2.686185	2.686185	803.192928
25	0.000000	2.686185	2.686185	834.793030
26	0.000000	2.686185	2.686185	866.428311
27	0.000000	2.686185	2.686185	898.065870
28	0.000000	2.686185	2.686185	929.590832
29	0.000000	2.686185	2.686185	961.296613
30	0.000000	2.686185	2.686185	992.883016
31	0.000000	2.686185	2.686185	1024.543925
32	0.000000	2.686185	2.686185	1056.082355
33	0.000000	2.686185	2.686185	1087.702080
34	0.000000	2.686185	2.686185	1119.217926
35	0.000000	2.686185	2.686185	1150.883898
36	0.000000	2.686185	2.686185	1182.570076
37	0.000000	2.686185	2.686185	1214.014223
38	0.000000	2.686185	2.686185	1245.444254
39	0.000000	2.686185	2.686185	1276.976982
40	0.000000	2.686185	2.686185	1308.421386
41	0.000000	2.686185	2.686185	1339.767465
42	0.000000	2.686185	2.686185	1371.256417
43	0.000000	2.686185	2.686185	1402.636856
44	0.000000	2.686185	2.686185	1434.045834
45	0.000000	2.686185	2.686185	1465.352449
46	0.000000	2.686185	2.686185	1496.725206
47	0.000000	2.686185	2.686185	1528.160705
48	0.000000	2.686185	2.686185	1559.610273
49	0.000000	2.686185	2.686185	1591.057953
50	0.000000	2.686185	2.686185	1622.429002
51	0.000000	2.686185	2.686185	1653.847411
52	0.000000	2.686185	2.686185	1685.327050
53	0.000000	2.686185	2.686185	1716.783107
54	0.000000	2.686185	2.686185	1748.154668
55	0.000000	2.686185	2.686185	1779.654628
56	0.000000	2.686185	2.686185	1811.124140
57	0.000000	2.686185	2.686185	1842.536890
58	0.000000	2.686185	2.686185	1873.879344
59	0.000000	2.686185	2.686185	1905.281130
60	0.000000	2.686185	2.686185	1936.695350
61	0.000000	2.686185	2.686185	1968.196246
62	0.000000	2.686185	2.686185	1999.594928
63	0.000000	2.686185	2.686185	2030.954835
64	0.000000	2.686185	2.686185	2062.322560
65	0.000000	2.686185	2.686185	2093.811457
66	0.000000	2.686185	2.686185	2125.224364
67	0.000000	2.686185	2.686185	2156.560048
68	0.000000	2.686185	2.686185	2188.117376
69	0.000000	2.686185	2.686185	2219.566401
70	0.000000	2.686185	2.686185	2251.017447
71	0.000000	2.686185	2.686185	2282.345055
72	0.000000	2.686185	2.686185	2313.727488
73	0.000000	2.686185	2.686185	2345.089436
74	0.000000	2.686185	2.686185	2376.614888
75	0.000000	2.686185	2.686185	2408.060283
76	0.000000	2.686185	2.686185	2439.443104
77	0.000000	2.686185	2.686185	2470.985882
78	0.000000	2.686185	2.686185	2502.583403
79	0.000000	2.686185	2.686185	2534.098835
80	0.000000	2.686185	2.686185	2565.483678
81	0.000000	2.686185	2.686185	2597.004330
82	0.000000	2.686185	2.686185	2628.426318
83	0.000000	2.686185	2.686185	2659.912386
84	0.000000	2.686185	2.686185	2691.438323
85	0.000000	2.686185	2.686185	2722.836422
86	0.000000	2.686185	2.686185	2754.257713
87	0.000000	2.686185	2.686185	2785.723451
88	0.000000	2.686185	2.686185	2817.200319
89	0.000000	2.686185	2.686185	2848.706577
90	0.000000	2.686185	2.686185	2880.238701
91	0.000000	2.686185	2.686185	2911.748449
92	0.000000	2.686185	2.686185	2943.260761
93	0.000000	2.686185	2.686185	2974.729729
94	0.000000	2.686185	2.686185	3006.213025
95	0.000000	2.686185	2.686185	3037.684834
96	0.000000	2.686185	2.686185	3069.292709
97	0.000000	2.686185	2.686185	3100.569261
98	0.000000	2.686185	2.686185	3131.948035
99	0.000000	2.686185	2.686185	3163.385721
100	0.000000	2.686185	2.686185	3194.966373
101	0.000000	2.686185	2.686185	3226.449063
102	0.000000	2.686185	2.686185	3257.852367
103	0.000000	2.686185	2.686185	3289.298853
104	0.000000	2.686185	2.686185	3320.863320
105	0.000000	2.686185	2.686185	3352.442517
106	0.000000	2.686185	2.686185	3383.938011
107	0.000000	2.686185	2.686185	3415.454959
108	0.000000	2.686185	2.686185	3446.942712
109	0.000000	2.686185	2.686185	3478.478351
110	0.000000	2.686185	2.686185	3509.864429
111	0.000000	2.686185	2.686185	3541.317266
112	0.000000	2.686185	2.686185	3572.774911
113	0.000000	2.686185	2.686185	3604.360357