0	0.000000	7.680000	7.680000	6.081885
2	0.000000	7.680000	7.680000	39.273179
3	0.000000	7.680000	7.680000	72.603117
4	0.000000	7.680000	7.680000	106.036430
5	0.000000	7.680000	7.680000	139.190816
6	0.000000	7.680000	7.680000	172.457417
7	0.000000	7.680000	7.680000	205.649538
8	0.000000	7.680000	7.680000	238.940389
9	0.000000	7.680000	7.680000	272.401683
10	0.000000	7.680000	7.680000	305.699864
11	0.000000	7.680000	7.680000	339.176017
12	0.000000	7.680000	7.680000	372.627606
13	0.000000	7.680000	7.680000	405.913339
14	0.000000	7.680000	7.680000	439.294118
15	0.000000	7.680000	7.680000	472.842562
16	0.000000	7.680000	7.680000	506.196279
17	0.000000	7.680000	7.680000	539.441266
18	0.000000	7.680000	7.680000	572.664016
19	0.000000	7.680000	7.680000	606.006573
20	0.000000	7.680000	7.680000	639.441895
21	0.000000	7.680000	7.680000	672.640647
22	0.000000	7.680000	7.680000	706.132341
23	0.000000	7.680000	7.680000	739.239486
24	0.000000	7.680000	7.680000	772.539042
25	0.000000	7.680000	7.680000	805.520547
26	0.000000	7.680000	7.680000	838.813308
27	0.000000	7.680000	7.680000	871.755846
28	0.000000	7.680000	7.680000	905.120506
29	0.000000	7.680000	7.680000	938.279980
30	0.000000	7.680000	7.680000	971.363568
31	0.000000	7.680000	7.680000	1004.792987
32	0.000000	7.680000	7.680000	1038.186196
33	0.000000	7.680000	7.680000	1071.601571
34	0.000000	7.680000	7.680000	1104.910070
35	0.000000	7.680000	7.680000	1137.987067
36	0.000000	7.680000	7.680000	1171.076033
37	0.000000	7.680000	7.680000	1204.153728
38	0.000000	7.680000	7.680000	1237.221000
39	0.000000	7.680000	7.680000	1270.325855
40	0.000000	7.680000	7.680000	1303.404166
41	0.000000	7.680000	7.680000	1336.486035
42	0.000000	7.680000	7.680000	1369.651395
43	0.000000	7.680000	7.680000	1402.665392
44	0.000000	7.680000	7.680000	1436.012287
45	0.000000	7.680000	7.680000	1469.197089
46	0.000000	7.680000	7.680000	1502.518586
47	0.000000	7.680000	7.680000	1535.744688
48	0.000000	7.680000	7.680000	1569.007596
49	0.000000	7.680000	7.680000	1602.123539
50	0.000000	7.680000	7.680000	1635.370473
51	0.000000	7.680000	7.680000	1668.522895
52	0.000000	7.680000	7.680000	1701.594868
53	0.000000	7.680000	7.680000	1734.627578
54	0.000000	7.680000	7.680000	1767.785547
55	0.000000	7.680000	7.680000	1801.117892
56	0.000000	7.680000	7.680000	1834.357603
57	0.000000	7.680000	7.680000	1867.491155
58	0.000000	7.680000	7.680000	1900.586678
59	0.000000	7.680000	7.680000	1933.627402
60	0.000000	7.680000	7.680000	1966.983730
61	0.000000	7.680000	7.680000	2000.080493
62	0.000000	7.680000	7.680000	2033.170634
63	0.000000	7.680000	7.680000	2066.596514
64	0.000000	7.680000	7.680000	2099.883352
65	0.000000	7.680000	7.680000	2132.934681
66	0.000000	7.680000	7.680000	2166.195343
67	0.000000	7.680000	7.680000	2199.718247
68	0.000000	7.680000	7.680000	2233.096659
69	0.000000	7.680000	7.680000	2266.471038
70	0.000000	7.680000	7.680000	2299.915014
71	0.000000	7.680000	7.680000	2333.222160
72	0.000000	7.680000	7.680000	2366.548503
73	0.000000	7.680000	7.680000	2399.609889
74	0.000000	7.680000	7.680000	2432.870153
75	0.000000	7.680000	7.680000	2466.222184
76	0.000000	7.680000	7.680000	2499.261549
77	0.000000	7.680000	7.680000	2532.367039
78	0.000000	7.680000	7.680000	2565.371413
79	0.000000	7.680000	7.680000	2598.768610
80	0.000000	7.680000	7.680000	2631.884538
81	0.000000	7.680000	7.680000	2665.142224
82	0.000000	7.680000	7.680000	2698.524265
83	0.000000	7.680000	7.680000	2731.772391
84	0.000000	7.680000	7.680000	2765.282524
85	0.000000	7.680000	7.680000	2798.635364
86	0.000000	7.680000	7.680000	2831.709582
87	0.000000	7.680000	7.680000	2864.678468
88	0.000000	7.680000	7.680000	2897.749413
89	0.000000	7.680000	7.680000	2930.994716
90	0.000000	7.680000	7.680000	2964.197304
91	0.000000	7.680000	7.680000	2997.674486
92	0.000000	7.680000	7.680000	3031.087582
93	0.000000	7.680000	7.680000	3064.342921
94	0.000000	7.680000	7.680000	3097.537604
95	0.000000	7.680000	7.680000	3130.690289
96	0.000000	7.680000	7.680000	3163.777556
97	0.000000	7.680000	7.680000	3196.772624
98	0.000000	7.680000	7.680000	3229.809355
99	0.000000	7.680000	7.680000	3263.117232
100	0.000000	7.680000	7.680000	3296.243663
101	0.000000	7.680000	7.680000	3329.256843
102	0.000000	7.680000	7.680000	3362.528789
103	0.000000	7.680000	7.680000	3395.841127
104	0.000000	7.680000	7.680000	3429.168324
105	0.000000	7.680000	7.680000	3462.461285
106	0.000000	7.680000	7.680000	3495.642759
107	0.000000	7.680000	7.680000	3528.876962
108	0.000000	7.680000	7.680000	3561.991552
109	0.000000	7.680000	7.680000	3595.241931
110	0.000000	7.680000	7.680000	3628.308528

0.000000	3628.308912
Agent policy:
  Deterministic policy v117_a0 --> 1.0
Nature policy:
  Environment 0, State 26 --> 0.6
  Environment 0, State 6 --> 0.4
  Environment 0, State 23 --> 0.0