0	0.000000	10.409824	10.409824	29.968624
2	0.000000	0.425539	0.425539	126.935491
3	0.000000	0.063177	0.063177	254.211061
4	0.000000	0.062817	0.062817	381.827551
5	0.000000	0.062817	0.062817	509.637462
6	0.000000	0.062817	0.062817	605.891800
7	0.000000	0.062817	0.062817	702.166647
8	0.000000	0.062817	0.062817	798.378376
9	0.000000	0.062817	0.062817	894.652108
10	0.000000	0.062817	0.062817	991.169720
11	0.000000	0.062817	0.062817	1088.051491
12	0.000000	0.062817	0.062817	1184.886888
13	0.000000	0.062817	0.062817	1281.863951
14	0.000000	0.062817	0.062817	1378.270208
15	0.000000	0.062817	0.062817	1475.644372
16	0.000000	0.062817	0.062817	1572.245249
17	0.000000	0.062817	0.062817	1669.572038
18	0.000000	0.062817	0.062817	1766.435900
19	0.000000	0.062817	0.062817	1864.503843
20	0.000000	0.062817	0.062817	1961.693738
21	0.000000	0.062817	0.062817	2059.933032
22	0.000000	0.062817	0.062817	2157.159074
23	0.000000	0.062817	0.062817	2255.633107
24	0.000000	0.062817	0.062817	2352.984456
25	0.000000	0.062817	0.062817	2450.657728
26	0.000000	0.062817	0.062817	2549.826235
27	0.000000	0.062817	0.062817	2647.431707
28	0.000000	0.062817	0.062817	2745.079998
29	0.000000	0.062817	0.062817	2844.982833
30	0.000000	0.062817	0.062817	2942.720992
31	0.000000	0.062817	0.062817	3040.697226
32	0.000000	0.062817	0.062817	3141.377606
33	0.000000	0.062817	0.062817	3239.448952
34	0.000000	0.062817	0.062817	3337.451999
35	0.000000	0.062817	0.062817	3438.908810
36	0.000000	0.062817	0.062817	3537.109704
37	0.000000	0.062817	0.062817	3635.452613