0	0.000000	9.557400	9.557400	29.559170
2	0.000000	0.360447	0.360447	159.380286
3	0.000000	0.033362	0.033362	319.502520
4	0.000000	0.033362	0.033362	481.505977
5	0.000000	0.033362	0.033362	643.919549
6	0.000000	0.033362	0.033362	806.229963
7	0.000000	0.033362	0.033362	968.830859
8	0.000000	0.033362	0.033362	1131.297834
9	0.000000	0.033362	0.033362	1293.744087
10	0.000000	0.033362	0.033362	1456.170234
11	0.000000	0.033362	0.033362	1618.895804
12	0.000000	0.033362	0.033362	1781.620098
13	0.000000	0.033362	0.033362	1944.337515
14	0.000000	0.033362	0.033362	2107.208272
15	0.000000	0.033362	0.033362	2270.836787
16	0.000000	0.033362	0.033362	2433.657472
17	0.000000	0.033362	0.033362	2597.555072
18	0.000000	0.033362	0.033362	2760.221437
19	0.000000	0.033362	0.033362	2923.788561
20	0.000000	0.033362	0.033362	3086.831941
21	0.000000	0.033362	0.033362	3251.121890
22	0.000000	0.033362	0.033362	3414.277072
23	0.000000	0.033362	0.033362	3579.130164
24	0.000000	0.033362	0.033362	3645.420882