0	0.000000	10.410062	10.410062	36.590249
2	0.000000	0.428498	0.428498	234.213080
3	0.000000	0.066020	0.066020	331.335254
4	0.000000	0.057060	0.057060	428.610111
5	0.000000	0.057060	0.057060	526.279940
6	0.000000	0.057060	0.057060	591.676382
7	0.000000	0.057060	0.057060	656.873196
8	0.000000	0.057060	0.057060	722.151156
9	0.000000	0.057060	0.057060	787.495022
10	0.000000	0.057060	0.057060	852.804951
11	0.000000	0.057060	0.057060	918.196043
12	0.000000	0.057060	0.057060	983.408450
13	0.000000	0.057060	0.057060	1048.470052
14	0.000000	0.057060	0.057060	1113.696553
15	0.000000	0.057060	0.057060	1178.794894
16	0.000000	0.057060	0.057060	1243.890270
17	0.000000	0.057060	0.057060	1309.243661
18	0.000000	0.057060	0.057060	1374.188537
19	0.000000	0.057060	0.057060	1439.653816
20	0.000000	0.057060	0.057060	1505.097830
21	0.000000	0.057060	0.057060	1570.249015
22	0.000000	0.057060	0.057060	1635.452600
23	0.000000	0.057060	0.057060	1700.792653
24	0.000000	0.057060	0.057060	1765.972591
25	0.000000	0.057060	0.057060	1831.289839
26	0.000000	0.057060	0.057060	1896.340745
27	0.000000	0.057060	0.057060	1961.692409
28	0.000000	0.057060	0.057060	2027.357660
29	0.000000	0.057060	0.057060	2092.575571
30	0.000000	0.057060	0.057060	2157.658070
31	0.000000	0.057060	0.057060	2223.012893
32	0.000000	0.057060	0.057060	2288.212424
33	0.000000	0.057060	0.057060	2353.490782
34	0.000000	0.057060	0.057060	2418.648977
35	0.000000	0.057060	0.057060	2483.909260
36	0.000000	0.057060	0.057060	2549.240478
37	0.000000	0.057060	0.057060	2614.349093
38	0.000000	0.057060	0.057060	2679.179734
39	0.000000	0.057060	0.057060	2744.394280
40	0.000000	0.057060	0.057060	2809.591244
41	0.000000	0.057060	0.057060	2874.869469
42	0.000000	0.057060	0.057060	2940.644111
43	0.000000	0.057060	0.057060	3005.891198
44	0.000000	0.057060	0.057060	3071.020349
45	0.000000	0.057060	0.057060	3136.395394
46	0.000000	0.057060	0.057060	3201.556767
47	0.000000	0.057060	0.057060	3267.170673
48	0.000000	0.057060	0.057060	3332.856617
49	0.000000	0.057060	0.057060	3398.511991
50	0.000000	0.057060	0.057060	3463.970206
51	0.000000	0.057060	0.057060	3529.098731
52	0.000000	0.057060	0.057060	3594.357600
53	0.000000	0.057060	0.057060	3627.410923