0	0.000000	10.410062	10.410062	35.603996
2	0.000000	0.428498	0.428498	228.396439
3	0.000000	0.066020	0.066020	323.316350
4	0.000000	0.057060	0.057060	418.433589
5	0.000000	0.057060	0.057060	513.689409
6	0.000000	0.057060	0.057060	577.411288
7	0.000000	0.057060	0.057060	640.950099
8	0.000000	0.057060	0.057060	704.599355
9	0.000000	0.057060	0.057060	768.259498
10	0.000000	0.057060	0.057060	832.030339
11	0.000000	0.057060	0.057060	896.208825
12	0.000000	0.057060	0.057060	959.978209
13	0.000000	0.057060	0.057060	1023.569985
14	0.000000	0.057060	0.057060	1087.316089
15	0.000000	0.057060	0.057060	1151.136615
16	0.000000	0.057060	0.057060	1214.856325
17	0.000000	0.057060	0.057060	1278.447554
18	0.000000	0.057060	0.057060	1342.203547
19	0.000000	0.057060	0.057060	1405.885019
20	0.000000	0.057060	0.057060	1469.601520
21	0.000000	0.057060	0.057060	1533.229725
22	0.000000	0.057060	0.057060	1596.988978
23	0.000000	0.057060	0.057060	1660.712155
24	0.000000	0.057060	0.057060	1724.247740
25	0.000000	0.057060	0.057060	1787.761277
26	0.000000	0.057060	0.057060	1851.275977
27	0.000000	0.057060	0.057060	1914.809577
28	0.000000	0.057060	0.057060	1978.640283
29	0.000000	0.057060	0.057060	2042.407700
30	0.000000	0.057060	0.057060	2106.020752
31	0.000000	0.057060	0.057060	2169.843265
32	0.000000	0.057060	0.057060	2233.675246
33	0.000000	0.057060	0.057060	2297.422062
34	0.000000	0.057060	0.057060	2361.274189
35	0.000000	0.057060	0.057060	2425.048783
36	0.000000	0.057060	0.057060	2488.720567
37	0.000000	0.057060	0.057060	2552.549822
38	0.000000	0.057060	0.057060	2616.315013
39	0.000000	0.057060	0.057060	2679.804688
40	0.000000	0.057060	0.057060	2743.484967
41	0.000000	0.057060	0.057060	2807.149925
42	0.000000	0.057060	0.057060	2870.858683
43	0.000000	0.057060	0.057060	2934.504429
44	0.000000	0.057060	0.057060	2998.161002
45	0.000000	0.057060	0.057060	3062.001033
46	0.000000	0.057060	0.057060	3125.673481
47	0.000000	0.057060	0.057060	3189.203889
48	0.000000	0.057060	0.057060	3252.919301
49	0.000000	0.057060	0.057060	3316.718421
50	0.000000	0.057060	0.057060	3380.269773
51	0.000000	0.057060	0.057060	3443.706781
52	0.000000	0.057060	0.057060	3507.406303
53	0.000000	0.057060	0.057060	3571.116878
54	0.000000	0.057060	0.057060	3634.835244