0	0.000000	10.407664	10.407664	17.965753
2	0.000000	2.650253	2.650253	113.646608
3	0.000000	2.625939	2.625939	177.047695
4	0.000000	2.625939	2.625939	240.202551
5	0.000000	2.625939	2.625939	271.682866
6	0.000000	2.625939	2.625939	303.262658
7	0.000000	2.625939	2.625939	334.781506
8	0.000000	2.625939	2.625939	366.382844
9	0.000000	2.625939	2.625939	397.774173
10	0.000000	2.625939	2.625939	429.265352
11	0.000000	2.625939	2.625939	460.820799
12	0.000000	2.625939	2.625939	492.297070
13	0.000000	2.625939	2.625939	523.882231
14	0.000000	2.625939	2.625939	555.438434
15	0.000000	2.625939	2.625939	587.013142
16	0.000000	2.625939	2.625939	618.652517
17	0.000000	2.625939	2.625939	650.059739
18	0.000000	2.625939	2.625939	681.540614
19	0.000000	2.625939	2.625939	713.031430
20	0.000000	2.625939	2.625939	744.610143
21	0.000000	2.625939	2.625939	776.165342
22	0.000000	2.625939	2.625939	807.651408
23	0.000000	2.625939	2.625939	839.370996
24	0.000000	2.625939	2.625939	870.904893
25	0.000000	2.625939	2.625939	902.513915
26	0.000000	2.625939	2.625939	934.152140
27	0.000000	2.625939	2.625939	965.663548
28	0.000000	2.625939	2.625939	997.246879
29	0.000000	2.625939	2.625939	1028.751860
30	0.000000	2.625939	2.625939	1060.248841
31	0.000000	2.625939	2.625939	1091.733680
32	0.000000	2.625939	2.625939	1123.278138
33	0.000000	2.625939	2.625939	1154.817496
34	0.000000	2.625939	2.625939	1186.376124
35	0.000000	2.625939	2.625939	1217.937288
36	0.000000	2.625939	2.625939	1249.567793
37	0.000000	2.625939	2.625939	1281.177769
38	0.000000	2.625939	2.625939	1312.787962
39	0.000000	2.625939	2.625939	1344.287037
40	0.000000	2.625939	2.625939	1375.780991
41	0.000000	2.625939	2.625939	1407.304969
42	0.000000	2.625939	2.625939	1438.935542
43	0.000000	2.625939	2.625939	1470.652846
44	0.000000	2.625939	2.625939	1502.302742
45	0.000000	2.625939	2.625939	1533.834215
46	0.000000	2.625939	2.625939	1565.373670
47	0.000000	2.625939	2.625939	1596.844022
48	0.000000	2.625939	2.625939	1628.456118
49	0.000000	2.625939	2.625939	1660.032799
50	0.000000	2.625939	2.625939	1691.662558
51	0.000000	2.625939	2.625939	1723.341439
52	0.000000	2.625939	2.625939	1754.850472
53	0.000000	2.625939	2.625939	1786.437122
54	0.000000	2.625939	2.625939	1817.953715
55	0.000000	2.625939	2.625939	1849.535377
56	0.000000	2.625939	2.625939	1881.067361
57	0.000000	2.625939	2.625939	1912.528040
58	0.000000	2.625939	2.625939	1944.215091
59	0.000000	2.625939	2.625939	1975.691917
60	0.000000	2.625939	2.625939	2007.274585
61	0.000000	2.625939	2.625939	2038.774769
62	0.000000	2.625939	2.625939	2070.404202
63	0.000000	2.625939	2.625939	2101.921547
64	0.000000	2.625939	2.625939	2133.430386
65	0.000000	2.625939	2.625939	2164.922234
66	0.000000	2.625939	2.625939	2196.568322
67	0.000000	2.625939	2.625939	2228.024536
68	0.000000	2.625939	2.625939	2259.722014
69	0.000000	2.625939	2.625939	2291.122273
70	0.000000	2.625939	2.625939	2322.594512
71	0.000000	2.625939	2.625939	2354.124849
72	0.000000	2.625939	2.625939	2385.584227
73	0.000000	2.625939	2.625939	2417.181418
74	0.000000	2.625939	2.625939	2448.593957
75	0.000000	2.625939	2.625939	2480.127682
76	0.000000	2.625939	2.625939	2511.609611
77	0.000000	2.625939	2.625939	2543.138104
78	0.000000	2.625939	2.625939	2574.671016
79	0.000000	2.625939	2.625939	2606.198647
80	0.000000	2.625939	2.625939	2637.747838
81	0.000000	2.625939	2.625939	2669.295521
82	0.000000	2.625939	2.625939	2700.765389
83	0.000000	2.625939	2.625939	2732.327920
84	0.000000	2.625939	2.625939	2763.779116
85	0.000000	2.625939	2.625939	2795.272610
86	0.000000	2.625939	2.625939	2826.814944
87	0.000000	2.625939	2.625939	2858.255455
88	0.000000	2.625939	2.625939	2889.875572
89	0.000000	2.625939	2.625939	2921.374426
90	0.000000	2.625939	2.625939	2952.915704
91	0.000000	2.625939	2.625939	2984.409600
92	0.000000	2.625939	2.625939	3015.924438
93	0.000000	2.625939	2.625939	3047.470211
94	0.000000	2.625939	2.625939	3079.004427
95	0.000000	2.625939	2.625939	3110.502433
96	0.000000	2.625939	2.625939	3142.219686
97	0.000000	2.625939	2.625939	3173.745055
98	0.000000	2.625939	2.625939	3205.478830
99	0.000000	2.625939	2.625939	3236.920054
100	0.000000	2.625939	2.625939	3268.429619
101	0.000000	2.625939	2.625939	3299.886235
102	0.000000	2.625939	2.625939	3331.323375
103	0.000000	2.625939	2.625939	3363.050362
104	0.000000	2.625939	2.625939	3394.663379
105	0.000000	2.625939	2.625939	3426.230546
106	0.000000	2.625939	2.625939	3457.782971
107	0.000000	2.625939	2.625939	3489.256909
108	0.000000	2.625939	2.625939	3520.879456
109	0.000000	2.625939	2.625939	3552.467975
110	0.000000	2.625939	2.625939	3583.961632
111	0.000000	2.625939	2.625939	3615.464279