0	0.000000	9.516244	9.516244	18.052294
2	0.000000	1.884998	1.884998	115.205659
3	0.000000	0.318409	0.318409	211.942822
4	0.000000	0.318409	0.318409	308.711720
5	0.000000	0.318409	0.318409	405.609087
6	0.000000	0.318409	0.318409	502.605430
7	0.000000	0.318409	0.318409	599.677686
8	0.000000	0.318409	0.318409	696.860921
9	0.000000	0.318409	0.318409	794.108033
10	0.000000	0.318409	0.318409	891.448102
11	0.000000	0.318409	0.318409	988.775865
12	0.000000	0.318409	0.318409	1086.192482
13	0.000000	0.318409	0.318409	1183.876098
14	0.000000	0.318409	0.318409	1281.013820
15	0.000000	0.318409	0.318409	1378.954303
16	0.000000	0.318409	0.318409	1476.536911
17	0.000000	0.318409	0.318409	1574.763124
18	0.000000	0.318409	0.318409	1672.205267
19	0.000000	0.318409	0.318409	1770.758808
20	0.000000	0.318409	0.318409	1868.664381
21	0.000000	0.318409	0.318409	1967.752274
22	0.000000	0.318409	0.318409	2065.827019
23	0.000000	0.318409	0.318409	2165.268514
24	0.000000	0.318409	0.318409	2263.717267
25	0.000000	0.318409	0.318409	2362.233039
26	0.000000	0.318409	0.318409	2461.993502
27	0.000000	0.318409	0.318409	2560.428883
28	0.000000	0.318409	0.318409	2658.811499
29	0.000000	0.318409	0.318409	2759.285809
30	0.000000	0.318409	0.318409	2857.749532
31	0.000000	0.318409	0.318409	2956.413952
32	0.000000	0.318409	0.318409	3057.915142
33	0.000000	0.318409	0.318409	3156.777183
34	0.000000	0.318409	0.318409	3255.468989
35	0.000000	0.318409	0.318409	3357.340540
36	0.000000	0.318409	0.318409	3456.152534
37	0.000000	0.318409	0.318409	3555.124311
38	0.000000	0.318409	0.318409	3654.244848