0	0.000000	10.409824	10.409824	29.661885
2	0.000000	0.425539	0.425539	126.517056
3	0.000000	0.425539	0.425539	287.983360
4	0.000000	0.425539	0.425539	415.870641
5	0.000000	0.425539	0.425539	512.622831
6	0.000000	0.425539	0.425539	609.678362
7	0.000000	0.425539	0.425539	706.513132
8	0.000000	0.425539	0.425539	803.740368
9	0.000000	0.425539	0.425539	901.123366
10	0.000000	0.425539	0.425539	998.275881
11	0.000000	0.425539	0.425539	1095.547902
12	0.000000	0.425539	0.425539	1193.055811
13	0.000000	0.425539	0.425539	1290.581450
14	0.000000	0.425539	0.425539	1388.507237
15	0.000000	0.425539	0.425539	1485.967404
16	0.000000	0.425539	0.425539	1583.975243
17	0.000000	0.425539	0.425539	1681.546429
18	0.000000	0.425539	0.425539	1779.802614
19	0.000000	0.425539	0.425539	1877.449852
20	0.000000	0.425539	0.425539	1976.368287
21	0.000000	0.425539	0.425539	2074.441796
22	0.000000	0.425539	0.425539	2173.523321
23	0.000000	0.425539	0.425539	2271.533011
24	0.000000	0.425539	0.425539	2370.742727
25	0.000000	0.425539	0.425539	2469.216416
26	0.000000	0.425539	0.425539	2567.638032
27	0.000000	0.425539	0.425539	2667.951336
28	0.000000	0.425539	0.425539	2766.358781
29	0.000000	0.425539	0.425539	2865.146267
30	0.000000	0.425539	0.425539	2966.155558
31	0.000000	0.425539	0.425539	3065.268042
32	0.000000	0.425539	0.425539	3163.997705
33	0.000000	0.425539	0.425539	3265.839482
34	0.000000	0.425539	0.425539	3364.851461
35	0.000000	0.425539	0.425539	3463.909036
36	0.000000	0.425539	0.425539	3566.109170
37	0.000000	0.425539	0.425539	3665.161437