0	0.000000	8.786443	8.786443	6.040812
2	0.000000	8.786443	8.786443	37.818243
3	0.000000	8.786443	8.786443	69.469667
4	0.000000	8.786443	8.786443	101.266957
5	0.000000	8.786443	8.786443	133.035375
6	0.000000	8.786443	8.786443	164.799093
7	0.000000	8.786443	8.786443	196.554899
8	0.000000	8.786443	8.786443	228.225287
9	0.000000	8.786443	8.786443	259.905053
10	0.000000	8.786443	8.786443	291.740427
11	0.000000	8.786443	8.786443	323.477493
12	0.000000	8.786443	8.786443	355.310097
13	0.000000	8.786443	8.786443	387.103523
14	0.000000	8.786443	8.786443	418.888983
15	0.000000	8.786443	8.786443	450.630860
16	0.000000	8.786443	8.786443	482.356107
17	0.000000	8.786443	8.786443	514.088775
18	0.000000	8.786443	8.786443	545.768207
19	0.000000	8.786443	8.786443	577.531621
20	0.000000	8.786443	8.786443	609.333908
21	0.000000	8.786443	8.786443	640.988364
22	0.000000	8.786443	8.786443	672.712125
23	0.000000	8.786443	8.786443	704.395659
24	0.000000	8.786443	8.786443	735.975381
25	0.000000	8.786443	8.786443	767.600016
26	0.000000	8.786443	8.786443	799.203345
27	0.000000	8.786443	8.786443	830.761229
28	0.000000	8.786443	8.786443	862.295043
29	0.000000	8.786443	8.786443	893.972141
30	0.000000	8.786443	8.786443	925.509123
31	0.000000	8.786443	8.786443	957.028225
32	0.000000	8.786443	8.786443	988.658953
33	0.000000	8.786443	8.786443	1020.343785
34	0.000000	8.786443	8.786443	1051.929500
35	0.000000	8.786443	8.786443	1083.449010
36	0.000000	8.786443	8.786443	1114.982654
37	0.000000	8.786443	8.786443	1146.627816
38	0.000000	8.786443	8.786443	1178.176712
39	0.000000	8.786443	8.786443	1209.722825
40	0.000000	8.786443	8.786443	1241.304843
41	0.000000	8.786443	8.786443	1272.848873
42	0.000000	8.786443	8.786443	1304.441788
43	0.000000	8.786443	8.786443	1335.923014
44	0.000000	8.786443	8.786443	1367.452929
45	0.000000	8.786443	8.786443	1398.985140
46	0.000000	8.786443	8.786443	1430.494525
47	0.000000	8.786443	8.786443	1462.031935
48	0.000000	8.786443	8.786443	1493.602369
49	0.000000	8.786443	8.786443	1525.069724
50	0.000000	8.786443	8.786443	1556.582663
51	0.000000	8.786443	8.786443	1588.051831
52	0.000000	8.786443	8.786443	1619.522224
53	0.000000	8.786443	8.786443	1651.055390
54	0.000000	8.786443	8.786443	1682.654418
55	0.000000	8.786443	8.786443	1714.176090
56	0.000000	8.786443	8.786443	1745.710817
57	0.000000	8.786443	8.786443	1777.299241
58	0.000000	8.786443	8.786443	1808.860052
59	0.000000	8.786443	8.786443	1840.501742
60	0.000000	8.786443	8.786443	1872.156430
61	0.000000	8.786443	8.786443	1903.787468
62	0.000000	8.786443	8.786443	1935.290524
63	0.000000	8.786443	8.786443	1966.884699
64	0.000000	8.786443	8.786443	1998.394472
65	0.000000	8.786443	8.786443	2030.000408
66	0.000000	8.786443	8.786443	2061.495947
67	0.000000	8.786443	8.786443	2093.032740
68	0.000000	8.786443	8.786443	2124.493089
69	0.000000	8.786443	8.786443	2156.071860
70	0.000000	8.786443	8.786443	2187.678013
71	0.000000	8.786443	8.786443	2219.305549
72	0.000000	8.786443	8.786443	2250.928589
73	0.000000	8.786443	8.786443	2282.450611
74	0.000000	8.786443	8.786443	2314.084404
75	0.000000	8.786443	8.786443	2345.659048
76	0.000000	8.786443	8.786443	2377.175240
77	0.000000	8.786443	8.786443	2408.694931
78	0.000000	8.786443	8.786443	2440.250606
79	0.000000	8.786443	8.786443	2471.782670
80	0.000000	8.786443	8.786443	2503.394032
81	0.000000	8.786443	8.786443	2534.948235
82	0.000000	8.786443	8.786443	2566.586316
83	0.000000	8.786443	8.786443	2598.137350
84	0.000000	8.786443	8.786443	2629.655637
85	0.000000	8.786443	8.786443	2661.163063
86	0.000000	8.786443	8.786443	2692.784302
87	0.000000	8.786443	8.786443	2724.371190
88	0.000000	8.786443	8.786443	2756.010639
89	0.000000	8.786443	8.786443	2787.611683
90	0.000000	8.786443	8.786443	2819.173940
91	0.000000	8.786443	8.786443	2850.804641
92	0.000000	8.786443	8.786443	2882.357614
93	0.000000	8.786443	8.786443	2913.853075
94	0.000000	8.786443	8.786443	2945.401307
95	0.000000	8.786443	8.786443	2977.063877
96	0.000000	8.786443	8.786443	3008.662175
97	0.000000	8.786443	8.786443	3040.245704
98	0.000000	8.786443	8.786443	3071.837133
99	0.000000	8.786443	8.786443	3103.471743
100	0.000000	8.786443	8.786443	3135.067775
101	0.000000	8.786443	8.786443	3166.687189
102	0.000000	8.786443	8.786443	3198.320972
103	0.000000	8.786443	8.786443	3229.898640
104	0.000000	8.786443	8.786443	3261.477499
105	0.000000	8.786443	8.786443	3293.020864
106	0.000000	8.786443	8.786443	3324.601472
107	0.000000	8.786443	8.786443	3356.268546
108	0.000000	8.786443	8.786443	3387.831701
109	0.000000	8.786443	8.786443	3419.332654
110	0.000000	8.786443	8.786443	3450.860915
111	0.000000	8.786443	8.786443	3482.362178
112	0.000000	8.786443	8.786443	3513.852503
113	0.000000	8.786443	8.786443	3545.451197
114	0.000000	8.786443	8.786443	3576.934472
115	0.000000	8.786443	8.786443	3608.522189

0.000000	3608.522592
Agent policy:
  Deterministic policy v7_a2 --> 1.0
Nature policy:
  Environment 0, State 19 --> 0.542373
  Environment 0, State 28 --> 0.0
  Environment 0, State 6 --> 0.457627