0	0.000000	9.562426	9.562426	30.014687
2	0.000000	1.650738	1.650738	194.726674
3	0.000000	0.307405	0.307405	322.661713
4	0.000000	0.306825	0.306825	451.002362
5	0.000000	0.306825	0.306825	579.267379
6	0.000000	0.306825	0.306825	675.997036
7	0.000000	0.306825	0.306825	772.672937
8	0.000000	0.306825	0.306825	869.449329
9	0.000000	0.306825	0.306825	966.148681
10	0.000000	0.306825	0.306825	1062.999827
11	0.000000	0.306825	0.306825	1159.821403
12	0.000000	0.306825	0.306825	1256.515240
13	0.000000	0.306825	0.306825	1353.249150
14	0.000000	0.306825	0.306825	1449.809521
15	0.000000	0.306825	0.306825	1546.781621
16	0.000000	0.306825	0.306825	1643.600101
17	0.000000	0.306825	0.306825	1740.435923
18	0.000000	0.306825	0.306825	1837.144467
19	0.000000	0.306825	0.306825	1933.822457
20	0.000000	0.306825	0.306825	2030.402011
21	0.000000	0.306825	0.306825	2127.087197
22	0.000000	0.306825	0.306825	2224.125729
23	0.000000	0.306825	0.306825	2321.121245
24	0.000000	0.306825	0.306825	2417.994919
25	0.000000	0.306825	0.306825	2515.007226
26	0.000000	0.306825	0.306825	2611.704065
27	0.000000	0.306825	0.306825	2708.451269
28	0.000000	0.306825	0.306825	2805.290083
29	0.000000	0.306825	0.306825	2902.206760
30	0.000000	0.306825	0.306825	2998.841147
31	0.000000	0.306825	0.306825	3095.647107
32	0.000000	0.306825	0.306825	3192.445431
33	0.000000	0.306825	0.306825	3289.016281
34	0.000000	0.306825	0.306825	3385.687956
35	0.000000	0.306825	0.306825	3482.661995
36	0.000000	0.306825	0.306825	3579.424193
37	0.000000	0.306825	0.306825	3642.965183