0	0.000000	9.516244	9.516244	17.852247
2	0.000000	1.884998	1.884998	114.750093
3	0.000000	0.319778	0.319778	210.793983
4	0.000000	0.319778	0.319778	306.392421
5	0.000000	0.319778	0.319778	401.933069
6	0.000000	0.319778	0.319778	497.480995
7	0.000000	0.319778	0.319778	593.005177
8	0.000000	0.319778	0.319778	688.679782
9	0.000000	0.319778	0.319778	784.021608
10	0.000000	0.319778	0.319778	879.450876
11	0.000000	0.319778	0.319778	974.740917
12	0.000000	0.319778	0.319778	1070.198769
13	0.000000	0.319778	0.319778	1165.659760
14	0.000000	0.319778	0.319778	1261.138779
15	0.000000	0.319778	0.319778	1356.529375
16	0.000000	0.319778	0.319778	1452.283047
17	0.000000	0.319778	0.319778	1548.016392
18	0.000000	0.319778	0.319778	1643.563745
19	0.000000	0.319778	0.319778	1738.915743
20	0.000000	0.319778	0.319778	1834.265360
21	0.000000	0.319778	0.319778	1929.937135
22	0.000000	0.319778	0.319778	2025.546776
23	0.000000	0.319778	0.319778	2121.036520
24	0.000000	0.319778	0.319778	2216.727671
25	0.000000	0.319778	0.319778	2312.560672
26	0.000000	0.319778	0.319778	2408.319946
27	0.000000	0.319778	0.319778	2503.953249
28	0.000000	0.319778	0.319778	2599.577457
29	0.000000	0.319778	0.319778	2695.269956
30	0.000000	0.319778	0.319778	2790.744627
31	0.000000	0.319778	0.319778	2886.349222
32	0.000000	0.319778	0.319778	2981.965954
33	0.000000	0.319778	0.319778	3077.424600
34	0.000000	0.319778	0.319778	3172.919676
35	0.000000	0.319778	0.319778	3268.436105
36	0.000000	0.319778	0.319778	3363.963027
37	0.000000	0.319778	0.319778	3459.361240
38	0.000000	0.319778	0.319778	3554.882074
39	0.000000	0.319778	0.319778	3650.408090