0	0.000000	10.406565	10.406565	23.917012
2	0.000000	0.425804	0.425804	120.092960
3	0.000000	0.063019	0.063019	247.464541
4	0.000000	0.057943	0.057943	375.200000
5	0.000000	0.057943	0.057943	502.850646
6	0.000000	0.057943	0.057943	599.141453
7	0.000000	0.057943	0.057943	695.385192
8	0.000000	0.057943	0.057943	791.678159
9	0.000000	0.057943	0.057943	888.003496
10	0.000000	0.057943	0.057943	984.659606
11	0.000000	0.057943	0.057943	1081.259055
12	0.000000	0.057943	0.057943	1177.859078
13	0.000000	0.057943	0.057943	1274.715339
14	0.000000	0.057943	0.057943	1371.177460
15	0.000000	0.057943	0.057943	1468.115511
16	0.000000	0.057943	0.057943	1564.665666
17	0.000000	0.057943	0.057943	1661.763618
18	0.000000	0.057943	0.057943	1758.512597
19	0.000000	0.057943	0.057943	1856.335708
20	0.000000	0.057943	0.057943	1953.589715
21	0.000000	0.057943	0.057943	2051.484437
22	0.000000	0.057943	0.057943	2148.651871
23	0.000000	0.057943	0.057943	2247.194397
24	0.000000	0.057943	0.057943	2344.615630
25	0.000000	0.057943	0.057943	2442.240228
26	0.000000	0.057943	0.057943	2541.447653
27	0.000000	0.057943	0.057943	2639.309298
28	0.000000	0.057943	0.057943	2737.077727
29	0.000000	0.057943	0.057943	2836.953652
30	0.000000	0.057943	0.057943	2934.626604
31	0.000000	0.057943	0.057943	3032.294438
32	0.000000	0.057943	0.057943	3133.059649
33	0.000000	0.057943	0.057943	3231.021568
34	0.000000	0.057943	0.057943	3329.140345
35	0.000000	0.057943	0.057943	3430.396994
36	0.000000	0.057943	0.057943	3528.812801
37	0.000000	0.057943	0.057943	3627.197912