0	0.000000	9.562029	9.562029	36.182132
2	0.000000	0.360271	0.360271	166.268666
3	0.000000	0.021117	0.021117	326.146578
4	0.000000	0.005679	0.005679	486.164358
5	0.000000	9.562544	9.562544	646.519616
6	0.000000	0.576022	0.576022	744.222803
7	0.000000	0.180153	0.180153	841.609674
8	0.000000	0.013059	0.013059	939.529272
9	0.000000	0.005559	0.005559	1101.958233
10	0.000000	0.005239	0.005239	1265.199023
11	0.000000	0.005239	0.005239	1394.646199
12	0.000000	0.005239	0.005239	1523.972932
13	0.000000	0.005239	0.005239	1653.123714
14	0.000000	0.005239	0.005239	1782.224597
15	0.000000	0.005239	0.005239	1911.080683
16	0.000000	0.005239	0.005239	2040.051437
17	0.000000	0.005239	0.005239	2169.063751
18	0.000000	0.005239	0.005239	2298.379360
19	0.000000	0.005239	0.005239	2427.543227
20	0.000000	0.005239	0.005239	2556.639069
21	0.000000	0.005239	0.005239	2685.655079
22	0.000000	0.005239	0.005239	2814.693830
23	0.000000	0.005239	0.005239	2944.213401
24	0.000000	0.005239	0.005239	3073.309478
25	0.000000	0.005239	0.005239	3202.486123
26	0.000000	0.005239	0.005239	3331.603594
27	0.000000	0.005239	0.005239	3460.623172
28	0.000000	0.005239	0.005239	3589.623986
29	0.000000	0.005239	0.005239	3622.058885