0	0.000000	7.680000	7.680000	6.013027
2	0.000000	7.680000	7.680000	38.733056
3	0.000000	7.680000	7.680000	71.473549
4	0.000000	7.680000	7.680000	104.271607
5	0.000000	7.680000	7.680000	136.977469
6	0.000000	7.680000	7.680000	169.707772
7	0.000000	7.680000	7.680000	202.527991
8	0.000000	7.680000	7.680000	235.419626
9	0.000000	7.680000	7.680000	268.107957
10	0.000000	7.680000	7.680000	300.832378
11	0.000000	7.680000	7.680000	333.566392
12	0.000000	7.680000	7.680000	366.443676
13	0.000000	7.680000	7.680000	399.227446
14	0.000000	7.680000	7.680000	432.170856
15	0.000000	7.680000	7.680000	465.032370
16	0.000000	7.680000	7.680000	497.757528
17	0.000000	7.680000	7.680000	530.636011
18	0.000000	7.680000	7.680000	563.450195
19	0.000000	7.680000	7.680000	596.175323
20	0.000000	7.680000	7.680000	628.894610
21	0.000000	7.680000	7.680000	661.660985
22	0.000000	7.680000	7.680000	694.380476
23	0.000000	7.680000	7.680000	727.098297
24	0.000000	7.680000	7.680000	759.650027
25	0.000000	7.680000	7.680000	792.260668
26	0.000000	7.680000	7.680000	824.913561
27	0.000000	7.680000	7.680000	857.621833
28	0.000000	7.680000	7.680000	890.305071
29	0.000000	7.680000	7.680000	923.007089
30	0.000000	7.680000	7.680000	955.664753
31	0.000000	7.680000	7.680000	988.292065
32	0.000000	7.680000	7.680000	1020.968531
33	0.000000	7.680000	7.680000	1053.762345
34	0.000000	7.680000	7.680000	1086.330316
35	0.000000	7.680000	7.680000	1118.884336
36	0.000000	7.680000	7.680000	1151.579017
37	0.000000	7.680000	7.680000	1184.389305
38	0.000000	7.680000	7.680000	1217.068025
39	0.000000	7.680000	7.680000	1249.591457
40	0.000000	7.680000	7.680000	1282.410430
41	0.000000	7.680000	7.680000	1315.024346
42	0.000000	7.680000	7.680000	1347.653616
43	0.000000	7.680000	7.680000	1380.226599
44	0.000000	7.680000	7.680000	1412.884003
45	0.000000	7.680000	7.680000	1445.495399
46	0.000000	7.680000	7.680000	1478.103946
47	0.000000	7.680000	7.680000	1510.836250
48	0.000000	7.680000	7.680000	1543.443502
49	0.000000	7.680000	7.680000	1576.066611
50	0.000000	7.680000	7.680000	1608.762887
51	0.000000	7.680000	7.680000	1641.319355
52	0.000000	7.680000	7.680000	1673.943323
53	0.000000	7.680000	7.680000	1706.560415
54	0.000000	7.680000	7.680000	1739.185128
55	0.000000	7.680000	7.680000	1771.910924
56	0.000000	7.680000	7.680000	1804.451959
57	0.000000	7.680000	7.680000	1837.099125
58	0.000000	7.680000	7.680000	1869.749359
59	0.000000	7.680000	7.680000	1902.318770
60	0.000000	7.680000	7.680000	1934.928891
61	0.000000	7.680000	7.680000	1967.449254
62	0.000000	7.680000	7.680000	2000.018899
63	0.000000	7.680000	7.680000	2032.631216
64	0.000000	7.680000	7.680000	2065.233271
65	0.000000	7.680000	7.680000	2097.753376
66	0.000000	7.680000	7.680000	2130.287919
67	0.000000	7.680000	7.680000	2163.067118
68	0.000000	7.680000	7.680000	2195.584101
69	0.000000	7.680000	7.680000	2228.230126
70	0.000000	7.680000	7.680000	2260.818419
71	0.000000	7.680000	7.680000	2293.385241
72	0.000000	7.680000	7.680000	2326.077727
73	0.000000	7.680000	7.680000	2358.726076
74	0.000000	7.680000	7.680000	2391.185080
75	0.000000	7.680000	7.680000	2423.665056
76	0.000000	7.680000	7.680000	2456.258945
77	0.000000	7.680000	7.680000	2488.857942
78	0.000000	7.680000	7.680000	2521.419505
79	0.000000	7.680000	7.680000	2553.907575
80	0.000000	7.680000	7.680000	2586.431282
81	0.000000	7.680000	7.680000	2619.094249
82	0.000000	7.680000	7.680000	2651.777840
83	0.000000	7.680000	7.680000	2684.466724
84	0.000000	7.680000	7.680000	2717.056637
85	0.000000	7.680000	7.680000	2749.626202
86	0.000000	7.680000	7.680000	2782.175516
87	0.000000	7.680000	7.680000	2814.748972
88	0.000000	7.680000	7.680000	2847.233141
89	0.000000	7.680000	7.680000	2879.869144
90	0.000000	7.680000	7.680000	2912.381622
91	0.000000	7.680000	7.680000	2945.043010
92	0.000000	7.680000	7.680000	2977.616313
93	0.000000	7.680000	7.680000	3010.311402
94	0.000000	7.680000	7.680000	3042.998343
95	0.000000	7.680000	7.680000	3075.561168
96	0.000000	7.680000	7.680000	3108.171678
97	0.000000	7.680000	7.680000	3140.856319
98	0.000000	7.680000	7.680000	3173.611126
99	0.000000	7.680000	7.680000	3206.205162
100	0.000000	7.680000	7.680000	3238.732479
101	0.000000	7.680000	7.680000	3271.303520
102	0.000000	7.680000	7.680000	3303.730440
103	0.000000	7.680000	7.680000	3336.368739
104	0.000000	7.680000	7.680000	3368.916743
105	0.000000	7.680000	7.680000	3401.526796
106	0.000000	7.680000	7.680000	3434.242286
107	0.000000	7.680000	7.680000	3466.855309
108	0.000000	7.680000	7.680000	3499.444223
109	0.000000	7.680000	7.680000	3532.007410
110	0.000000	7.680000	7.680000	3564.597693
111	0.000000	7.680000	7.680000	3597.258027
112	0.000000	7.680000	7.680000	3630.002724

0.000000	3630.003372
Agent policy:
  Deterministic policy v119_a0 --> 1.0
Nature policy:
  Environment 0, State 26 --> 0.6
  Environment 0, State 19 --> 0.0
  Environment 0, State 6 --> 0.4