0	0.000000	10.410096	10.410096	29.889675
2	0.000000	2.739799	2.739799	94.745284
3	0.000000	2.639779	2.639779	157.624318
4	0.000000	2.639779	2.639779	220.772923
5	0.000000	2.639779	2.639779	252.070013
6	0.000000	2.639779	2.639779	283.347632
7	0.000000	2.639779	2.639779	314.761226
8	0.000000	2.639779	2.639779	346.310904
9	0.000000	2.639779	2.639779	377.622526
10	0.000000	2.639779	2.639779	409.033065
11	0.000000	2.639779	2.639779	440.391834
12	0.000000	2.639779	2.639779	471.662738
13	0.000000	2.639779	2.639779	502.987198
14	0.000000	2.639779	2.639779	534.204841
15	0.000000	2.639779	2.639779	565.570634
16	0.000000	2.639779	2.639779	596.766753
17	0.000000	2.639779	2.639779	628.103416
18	0.000000	2.639779	2.639779	659.517385
19	0.000000	2.639779	2.639779	690.803351
20	0.000000	2.639779	2.639779	722.009935
21	0.000000	2.639779	2.639779	753.358964
22	0.000000	2.639779	2.639779	784.694314
23	0.000000	2.639779	2.639779	816.072009
24	0.000000	2.639779	2.639779	847.276354
25	0.000000	2.639779	2.639779	878.605678
26	0.000000	2.639779	2.639779	909.915261
27	0.000000	2.639779	2.639779	941.180423
28	0.000000	2.639779	2.639779	972.571700
29	0.000000	2.639779	2.639779	1003.806031
30	0.000000	2.639779	2.639779	1035.162361
31	0.000000	2.639779	2.639779	1066.587985
32	0.000000	2.639779	2.639779	1097.865041
33	0.000000	2.639779	2.639779	1129.141817
34	0.000000	2.639779	2.639779	1160.385250
35	0.000000	2.639779	2.639779	1191.568749
36	0.000000	2.639779	2.639779	1222.797753
37	0.000000	2.639779	2.639779	1254.064029
38	0.000000	2.639779	2.639779	1285.321830
39	0.000000	2.639779	2.639779	1316.545787
40	0.000000	2.639779	2.639779	1347.778080
41	0.000000	2.639779	2.639779	1378.952057
42	0.000000	2.639779	2.639779	1410.313115
43	0.000000	2.639779	2.639779	1441.704808
44	0.000000	2.639779	2.639779	1473.029511
45	0.000000	2.639779	2.639779	1504.332113
46	0.000000	2.639779	2.639779	1535.559975
47	0.000000	2.639779	2.639779	1566.867184
48	0.000000	2.639779	2.639779	1598.259395
49	0.000000	2.639779	2.639779	1629.499052
50	0.000000	2.639779	2.639779	1660.737829
51	0.000000	2.639779	2.639779	1692.097558
52	0.000000	2.639779	2.639779	1723.362446
53	0.000000	2.639779	2.639779	1754.635376
54	0.000000	2.639779	2.639779	1785.920695
55	0.000000	2.639779	2.639779	1817.232379
56	0.000000	2.639779	2.639779	1848.592842
57	0.000000	2.639779	2.639779	1879.877440
58	0.000000	2.639779	2.639779	1911.177742
59	0.000000	2.639779	2.639779	1942.485838
60	0.000000	2.639779	2.639779	1973.705015
61	0.000000	2.639779	2.639779	2005.013860
62	0.000000	2.639779	2.639779	2036.307805
63	0.000000	2.639779	2.639779	2067.614986
64	0.000000	2.639779	2.639779	2098.993891
65	0.000000	2.639779	2.639779	2130.298738
66	0.000000	2.639779	2.639779	2161.678619
67	0.000000	2.639779	2.639779	2193.201165
68	0.000000	2.639779	2.639779	2224.544972
69	0.000000	2.639779	2.639779	2255.834911
70	0.000000	2.639779	2.639779	2287.116399
71	0.000000	2.639779	2.639779	2318.474758
72	0.000000	2.639779	2.639779	2349.890486
73	0.000000	2.639779	2.639779	2381.189798
74	0.000000	2.639779	2.639779	2412.472596
75	0.000000	2.639779	2.639779	2443.834987
76	0.000000	2.639779	2.639779	2475.160310
77	0.000000	2.639779	2.639779	2506.460114
78	0.000000	2.639779	2.639779	2537.733485
79	0.000000	2.639779	2.639779	2569.107465
80	0.000000	2.639779	2.639779	2600.434616
81	0.000000	2.639779	2.639779	2631.739231
82	0.000000	2.639779	2.639779	2663.080515
83	0.000000	2.639779	2.639779	2694.286984
84	0.000000	2.639779	2.639779	2725.564912
85	0.000000	2.639779	2.639779	2756.979580
86	0.000000	2.639779	2.639779	2788.198725
87	0.000000	2.639779	2.639779	2819.457243
88	0.000000	2.639779	2.639779	2850.704247
89	0.000000	2.639779	2.639779	2881.947190
90	0.000000	2.639779	2.639779	2913.204645
91	0.000000	2.639779	2.639779	2944.464818
92	0.000000	2.639779	2.639779	2975.761037
93	0.000000	2.639779	2.639779	3006.994738
94	0.000000	2.639779	2.639779	3038.254059
95	0.000000	2.639779	2.639779	3069.527543
96	0.000000	2.639779	2.639779	3100.756302
97	0.000000	2.639779	2.639779	3131.998496
98	0.000000	2.639779	2.639779	3163.228285
99	0.000000	2.639779	2.639779	3194.532517
100	0.000000	2.639779	2.639779	3225.786147
101	0.000000	2.639779	2.639779	3257.075715
102	0.000000	2.639779	2.639779	3288.417139
103	0.000000	2.639779	2.639779	3319.693944
104	0.000000	2.639779	2.639779	3351.042666
105	0.000000	2.639779	2.639779	3382.321908
106	0.000000	2.639779	2.639779	3413.616786
107	0.000000	2.639779	2.639779	3444.927890
108	0.000000	2.639779	2.639779	3476.425618
109	0.000000	2.639779	2.639779	3507.766703
110	0.000000	2.639779	2.639779	3539.069856
111	0.000000	2.639779	2.639779	3570.323207
112	0.000000	2.639779	2.639779	3601.614801