0	0.000000	9.562645	9.562645	35.405053
2	0.000000	1.631274	1.631274	164.947204
3	0.000000	0.283859	0.283859	259.304075
4	0.000000	0.283859	0.283859	353.637193
5	0.000000	0.283859	0.283859	416.656369
6	0.000000	0.283859	0.283859	479.843346
7	0.000000	0.283859	0.283859	542.903385
8	0.000000	0.283859	0.283859	606.292538
9	0.000000	0.283859	0.283859	669.616776
10	0.000000	0.283859	0.283859	732.598088
11	0.000000	0.283859	0.283859	795.794581
12	0.000000	0.283859	0.283859	859.075829
13	0.000000	0.283859	0.283859	922.186706
14	0.000000	0.283859	0.283859	985.428757
15	0.000000	0.283859	0.283859	1048.545883
16	0.000000	0.283859	0.283859	1111.690668
17	0.000000	0.283859	0.283859	1175.061127
18	0.000000	0.283859	0.283859	1238.402610
19	0.000000	0.283859	0.283859	1301.734774
20	0.000000	0.283859	0.283859	1365.101808
21	0.000000	0.283859	0.283859	1428.393791
22	0.000000	0.283859	0.283859	1491.668410
23	0.000000	0.283859	0.283859	1554.973324
24	0.000000	0.283859	0.283859	1618.300127
25	0.000000	0.283859	0.283859	1681.521110
26	0.000000	0.283859	0.283859	1744.988615
27	0.000000	0.283859	0.283859	1808.399366
28	0.000000	0.283859	0.283859	1871.889420
29	0.000000	0.283859	0.283859	1935.101499
30	0.000000	0.283859	0.283859	1998.509603
31	0.000000	0.283859	0.283859	2061.887841
32	0.000000	0.283859	0.283859	2125.305901
33	0.000000	0.283859	0.283859	2188.736129
34	0.000000	0.283859	0.283859	2251.972720
35	0.000000	0.283859	0.283859	2315.264043
36	0.000000	0.283859	0.283859	2378.592927
37	0.000000	0.283859	0.283859	2441.852146
38	0.000000	0.283859	0.283859	2505.133310
39	0.000000	0.283859	0.283859	2568.528617
40	0.000000	0.283859	0.283859	2631.857609
41	0.000000	0.283859	0.283859	2695.211550
42	0.000000	0.283859	0.283859	2758.735244
43	0.000000	0.283859	0.283859	2821.987871
44	0.000000	0.283859	0.283859	2885.392411
45	0.000000	0.283859	0.283859	2948.674053
46	0.000000	0.283859	0.283859	3011.877217
47	0.000000	0.283859	0.283859	3075.277165
48	0.000000	0.283859	0.283859	3138.584407
49	0.000000	0.283859	0.283859	3202.010613
50	0.000000	0.283859	0.283859	3265.409476
51	0.000000	0.283859	0.283859	3328.733411
52	0.000000	0.283859	0.283859	3392.091011
53	0.000000	0.283859	0.283859	3455.495855
54	0.000000	0.283859	0.283859	3518.730571
55	0.000000	0.283859	0.283859	3581.985743
56	0.000000	0.283859	0.283859	3645.100133