0	10.000000	20.000000	10.000000	128.275553
5	10.000000	20.000000	10.000000	630.358116
6	10.000000	20.000000	10.000000	809.288645
7	10.000000	20.000000	10.000000	988.631957
8	10.000000	20.000000	10.000000	1168.028898
9	10.000000	20.000000	10.000000	1346.853978
10	10.000000	20.000000	10.000000	1525.509047
11	10.000000	20.000000	10.000000	1704.369794
12	10.000000	20.000000	10.000000	1883.610565
13	10.000000	20.000000	10.000000	2062.615732
14	10.000000	20.000000	10.000000	2241.183576
15	10.000000	20.000000	10.000000	2419.163637
16	10.000000	20.000000	10.000000	2597.970930
17	10.000000	20.000000	10.000000	2777.123681
18	10.000000	20.000000	10.000000	2955.822839
19	10.000000	20.000000	10.000000	3134.788680
20	10.000000	20.000000	10.000000	3313.021969
21	10.000000	20.000000	10.000000	3491.347558
22	10.000000	20.000000	10.000000	3670.494061

10.000000	3670.494774
Agent policy:
  Deterministic policy v43_a2 --> 1.0
Nature policy:
  Environment 0, State 16 --> 0.0
  Environment 0, State 17 --> 0.0
  Environment 0, State 18 --> 0.0
  Environment 0, State 19 --> 0.0
  Environment 0, State 20 --> 0.0
  Environment 0, State 21 --> 0.0
  Environment 0, State 22 --> 0.0
  Environment 0, State 23 --> 0.0
  Environment 0, State 24 --> 0.0
  Environment 0, State 25 --> 1.0