0	10.000000	20.000000	10.000000	7.764241
5	10.000000	20.000000	10.000000	37.992837
6	10.000000	20.000000	10.000000	48.732936
7	10.000000	20.000000	10.000000	59.477984
8	10.000000	20.000000	10.000000	70.165604
9	10.000000	20.000000	10.000000	80.823977
10	10.000000	20.000000	10.000000	91.489556
11	10.000000	20.000000	10.000000	102.166657
12	10.000000	20.000000	10.000000	112.823094
13	10.000000	20.000000	10.000000	123.507584
14	10.000000	20.000000	10.000000	134.191317
15	10.000000	20.000000	10.000000	144.862375
16	10.000000	20.000000	10.000000	155.530619
17	10.000000	20.000000	10.000000	166.167449
18	10.000000	20.000000	10.000000	176.835458
19	10.000000	20.000000	10.000000	187.493591
20	10.000000	20.000000	10.000000	198.168003
21	10.000000	20.000000	10.000000	208.848611
22	10.000000	20.000000	10.000000	219.574961
23	10.000000	20.000000	10.000000	230.268840
24	10.000000	20.000000	10.000000	240.948294
25	10.000000	20.000000	10.000000	251.627514
26	10.000000	20.000000	10.000000	262.333665
27	10.000000	20.000000	10.000000	273.029845
28	10.000000	20.000000	10.000000	283.688924
29	10.000000	20.000000	10.000000	294.360038
30	10.000000	20.000000	10.000000	305.110486
31	10.000000	20.000000	10.000000	315.844134
32	10.000000	20.000000	10.000000	326.528921
33	10.000000	20.000000	10.000000	337.263587
34	10.000000	20.000000	10.000000	347.992999
35	10.000000	20.000000	10.000000	358.690680
36	10.000000	20.000000	10.000000	369.381450
37	10.000000	20.000000	10.000000	380.074812
38	10.000000	20.000000	10.000000	390.782016
39	10.000000	20.000000	10.000000	401.497296
40	10.000000	20.000000	10.000000	412.225338
41	10.000000	20.000000	10.000000	422.948260
42	10.000000	20.000000	10.000000	433.668993
43	10.000000	20.000000	10.000000	444.391820
44	10.000000	20.000000	10.000000	455.054548
45	10.000000	20.000000	10.000000	465.736455
46	10.000000	20.000000	10.000000	476.433957
47	10.000000	20.000000	10.000000	487.128294
48	10.000000	20.000000	10.000000	497.844380
49	10.000000	20.000000	10.000000	508.531616
50	10.000000	20.000000	10.000000	519.171874
51	10.000000	20.000000	10.000000	529.827039
52	10.000000	20.000000	10.000000	540.497365
53	10.000000	20.000000	10.000000	551.161978
54	10.000000	20.000000	10.000000	561.885644
55	10.000000	20.000000	10.000000	572.598585
56	10.000000	20.000000	10.000000	583.314461
57	10.000000	20.000000	10.000000	594.036089
58	10.000000	20.000000	10.000000	604.727456
59	10.000000	20.000000	10.000000	615.396545
60	10.000000	20.000000	10.000000	626.119422
61	10.000000	20.000000	10.000000	636.817734
62	10.000000	20.000000	10.000000	647.486771
63	10.000000	20.000000	10.000000	658.202645
64	10.000000	20.000000	10.000000	668.900077
65	10.000000	20.000000	10.000000	679.594939
66	10.000000	20.000000	10.000000	690.284733
67	10.000000	20.000000	10.000000	700.999662
68	10.000000	20.000000	10.000000	711.716571
69	10.000000	20.000000	10.000000	722.457916
70	10.000000	20.000000	10.000000	733.207617
71	10.000000	20.000000	10.000000	743.941777
72	10.000000	20.000000	10.000000	754.629129
73	10.000000	20.000000	10.000000	765.351360
74	10.000000	20.000000	10.000000	776.103513
75	10.000000	20.000000	10.000000	786.831865
76	10.000000	20.000000	10.000000	797.526532
77	10.000000	20.000000	10.000000	808.235216
78	10.000000	20.000000	10.000000	818.938930
79	10.000000	20.000000	10.000000	829.610419
80	10.000000	20.000000	10.000000	840.343936
81	10.000000	20.000000	10.000000	851.073004
82	10.000000	20.000000	10.000000	861.810082
83	10.000000	20.000000	10.000000	872.551632
84	10.000000	20.000000	10.000000	883.286664
85	10.000000	20.000000	10.000000	894.000868
86	10.000000	20.000000	10.000000	904.705194
87	10.000000	20.000000	10.000000	915.430807
88	10.000000	20.000000	10.000000	926.172537
89	10.000000	20.000000	10.000000	936.911433
90	10.000000	20.000000	10.000000	947.635060
91	10.000000	20.000000	10.000000	958.344026
92	10.000000	20.000000	10.000000	969.053049
93	10.000000	20.000000	10.000000	979.782634
94	10.000000	20.000000	10.000000	990.485526
95	10.000000	20.000000	10.000000	1001.158656
96	10.000000	20.000000	10.000000	1011.861164
97	10.000000	20.000000	10.000000	1022.532964
98	10.000000	20.000000	10.000000	1033.236678
99	10.000000	20.000000	10.000000	1043.962985
100	10.000000	20.000000	10.000000	1054.655739
101	10.000000	20.000000	10.000000	1065.335242
102	10.000000	20.000000	10.000000	1076.007722
103	10.000000	20.000000	10.000000	1086.689113
104	10.000000	20.000000	10.000000	1097.344754
105	10.000000	20.000000	10.000000	1108.056830
106	10.000000	20.000000	10.000000	1118.791214
107	10.000000	20.000000	10.000000	1129.466206
108	10.000000	20.000000	10.000000	1140.171414
109	10.000000	20.000000	10.000000	1150.893644
110	10.000000	20.000000	10.000000	1161.602227
111	10.000000	20.000000	10.000000	1172.341568
112	10.000000	20.000000	10.000000	1183.043173
113	10.000000	20.000000	10.000000	1193.739931
114	10.000000	20.000000	10.000000	1204.429227
115	10.000000	20.000000	10.000000	1215.121050
116	10.000000	20.000000	10.000000	1225.827921
117	10.000000	20.000000	10.000000	1236.517105
118	10.000000	20.000000	10.000000	1247.228926
119	10.000000	20.000000	10.000000	1257.918340
120	10.000000	20.000000	10.000000	1268.620025
121	10.000000	20.000000	10.000000	1279.299496
122	10.000000	20.000000	10.000000	1289.967921
123	10.000000	20.000000	10.000000	1300.680809
124	10.000000	20.000000	10.000000	1311.397416
125	10.000000	20.000000	10.000000	1322.088334
126	10.000000	20.000000	10.000000	1332.817128
127	10.000000	20.000000	10.000000	1343.496619
128	10.000000	20.000000	10.000000	1354.230768
129	10.000000	20.000000	10.000000	1364.937052
130	10.000000	20.000000	10.000000	1375.611984
131	10.000000	20.000000	10.000000	1386.298836
132	10.000000	20.000000	10.000000	1397.010894
133	10.000000	20.000000	10.000000	1407.715651
134	10.000000	20.000000	10.000000	1418.390567
135	10.000000	20.000000	10.000000	1429.107020
136	10.000000	20.000000	10.000000	1439.797812
137	10.000000	20.000000	10.000000	1450.466993
138	10.000000	20.000000	10.000000	1461.152794
139	10.000000	20.000000	10.000000	1471.846969
140	10.000000	20.000000	10.000000	1482.539864
141	10.000000	20.000000	10.000000	1493.243721
142	10.000000	20.000000	10.000000	1503.919686
143	10.000000	20.000000	10.000000	1514.613974
144	10.000000	20.000000	10.000000	1525.331269
145	10.000000	20.000000	10.000000	1536.024467
146	10.000000	20.000000	10.000000	1546.731117
147	10.000000	20.000000	10.000000	1557.471395
148	10.000000	20.000000	10.000000	1568.187958
149	10.000000	20.000000	10.000000	1578.879703
150	10.000000	20.000000	10.000000	1589.561617
151	10.000000	20.000000	10.000000	1600.214546
152	10.000000	20.000000	10.000000	1610.849409
153	10.000000	20.000000	10.000000	1621.530717
154	10.000000	20.000000	10.000000	1632.178306
155	10.000000	20.000000	10.000000	1642.850150
156	10.000000	20.000000	10.000000	1653.534031
157	10.000000	20.000000	10.000000	1664.245836
158	10.000000	20.000000	10.000000	1674.958874
159	10.000000	20.000000	10.000000	1685.647716
160	10.000000	20.000000	10.000000	1696.282818
161	10.000000	20.000000	10.000000	1706.969669
162	10.000000	20.000000	10.000000	1717.652093
163	10.000000	20.000000	10.000000	1728.328810
164	10.000000	20.000000	10.000000	1739.024584
165	10.000000	20.000000	10.000000	1749.680430
166	10.000000	20.000000	10.000000	1760.380980
167	10.000000	20.000000	10.000000	1771.100974
168	10.000000	20.000000	10.000000	1781.797583
169	10.000000	20.000000	10.000000	1792.515676
170	10.000000	20.000000	10.000000	1803.199503
171	10.000000	20.000000	10.000000	1813.881123
172	10.000000	20.000000	10.000000	1824.601650
173	10.000000	20.000000	10.000000	1835.313399
174	10.000000	20.000000	10.000000	1846.025372
175	10.000000	20.000000	10.000000	1856.731642
176	10.000000	20.000000	10.000000	1867.428948
177	10.000000	20.000000	10.000000	1878.178886
178	10.000000	20.000000	10.000000	1888.878470
179	10.000000	20.000000	10.000000	1899.513709
180	10.000000	20.000000	10.000000	1910.188193
181	10.000000	20.000000	10.000000	1920.864274
182	10.000000	20.000000	10.000000	1931.550041
183	10.000000	20.000000	10.000000	1942.250303
184	10.000000	20.000000	10.000000	1952.927561
185	10.000000	20.000000	10.000000	1963.621005
186	10.000000	20.000000	10.000000	1974.314083
187	10.000000	20.000000	10.000000	1984.977010
188	10.000000	20.000000	10.000000	1995.699374
189	10.000000	20.000000	10.000000	2006.414872
190	10.000000	20.000000	10.000000	2017.116838
191	10.000000	20.000000	10.000000	2027.833559
192	10.000000	20.000000	10.000000	2038.585710
193	10.000000	20.000000	10.000000	2049.337101
194	10.000000	20.000000	10.000000	2060.030923
195	10.000000	20.000000	10.000000	2070.735579
196	10.000000	20.000000	10.000000	2081.458249
197	10.000000	20.000000	10.000000	2092.178733
198	10.000000	20.000000	10.000000	2102.841156
199	10.000000	20.000000	10.000000	2113.550509
200	10.000000	20.000000	10.000000	2124.259015
201	10.000000	20.000000	10.000000	2134.945217
202	10.000000	20.000000	10.000000	2145.594391
203	10.000000	20.000000	10.000000	2156.224293
204	10.000000	20.000000	10.000000	2166.883534
205	10.000000	20.000000	10.000000	2177.563068
206	10.000000	20.000000	10.000000	2188.264436
207	10.000000	20.000000	10.000000	2198.951122
208	10.000000	20.000000	10.000000	2209.629853
209	10.000000	20.000000	10.000000	2220.337151
210	10.000000	20.000000	10.000000	2231.007944
211	10.000000	20.000000	10.000000	2241.696255
212	10.000000	20.000000	10.000000	2252.334327
213	10.000000	20.000000	10.000000	2263.006657
214	10.000000	20.000000	10.000000	2273.687426
215	10.000000	20.000000	10.000000	2284.386092
216	10.000000	20.000000	10.000000	2295.081915
217	10.000000	20.000000	10.000000	2305.767103
218	10.000000	20.000000	10.000000	2316.420143
219	10.000000	20.000000	10.000000	2327.084980
220	10.000000	20.000000	10.000000	2337.806321
221	10.000000	20.000000	10.000000	2348.503497
222	10.000000	20.000000	10.000000	2359.191173
223	10.000000	20.000000	10.000000	2369.915517
224	10.000000	20.000000	10.000000	2380.611398
225	10.000000	20.000000	10.000000	2391.352793
226	10.000000	20.000000	10.000000	2402.100819
227	10.000000	20.000000	10.000000	2412.822647
228	10.000000	20.000000	10.000000	2423.551689
229	10.000000	20.000000	10.000000	2434.226737
230	10.000000	20.000000	10.000000	2444.886617
231	10.000000	20.000000	10.000000	2455.568831
232	10.000000	20.000000	10.000000	2466.281828
233	10.000000	20.000000	10.000000	2476.961780
234	10.000000	20.000000	10.000000	2487.700751
235	10.000000	20.000000	10.000000	2498.426494
236	10.000000	20.000000	10.000000	2509.112793
237	10.000000	20.000000	10.000000	2519.817230
238	10.000000	20.000000	10.000000	2530.497710
239	10.000000	20.000000	10.000000	2541.177763
240	10.000000	20.000000	10.000000	2551.879636
241	10.000000	20.000000	10.000000	2562.576076
242	10.000000	20.000000	10.000000	2573.261781
243	10.000000	20.000000	10.000000	2583.957991
244	10.000000	20.000000	10.000000	2594.666857
245	10.000000	20.000000	10.000000	2605.421409
246	10.000000	20.000000	10.000000	2616.104089
247	10.000000	20.000000	10.000000	2626.803267
248	10.000000	20.000000	10.000000	2637.535299
249	10.000000	20.000000	10.000000	2648.217628
250	10.000000	20.000000	10.000000	2658.890130
251	10.000000	20.000000	10.000000	2669.577574
252	10.000000	20.000000	10.000000	2680.311232
253	10.000000	20.000000	10.000000	2691.015767
254	10.000000	20.000000	10.000000	2701.740081
255	10.000000	20.000000	10.000000	2712.449879
256	10.000000	20.000000	10.000000	2723.184114
257	10.000000	20.000000	10.000000	2733.895596
258	10.000000	20.000000	10.000000	2744.593077
259	10.000000	20.000000	10.000000	2755.268181
260	10.000000	20.000000	10.000000	2765.945608
261	10.000000	20.000000	10.000000	2776.617035
262	10.000000	20.000000	10.000000	2787.339931
263	10.000000	20.000000	10.000000	2797.996583
264	10.000000	20.000000	10.000000	2808.693258
265	10.000000	20.000000	10.000000	2819.442506
266	10.000000	20.000000	10.000000	2830.152183
267	10.000000	20.000000	10.000000	2840.865965
268	10.000000	20.000000	10.000000	2851.594258
269	10.000000	20.000000	10.000000	2862.319907
270	10.000000	20.000000	10.000000	2873.034698
271	10.000000	20.000000	10.000000	2883.775548
272	10.000000	20.000000	10.000000	2894.434914
273	10.000000	20.000000	10.000000	2905.058978
274	10.000000	20.000000	10.000000	2915.715600
275	10.000000	20.000000	10.000000	2926.333218
276	10.000000	20.000000	10.000000	2936.987514
277	10.000000	20.000000	10.000000	2947.640055
278	10.000000	20.000000	10.000000	2958.286158
279	10.000000	20.000000	10.000000	2968.872349
280	10.000000	20.000000	10.000000	2979.490893
281	10.000000	20.000000	10.000000	2990.093559
282	10.000000	20.000000	10.000000	3000.655083
283	10.000000	20.000000	10.000000	3011.228734
284	10.000000	20.000000	10.000000	3021.838739
285	10.000000	20.000000	10.000000	3032.492312
286	10.000000	20.000000	10.000000	3043.130804
287	10.000000	20.000000	10.000000	3053.771385
288	10.000000	20.000000	10.000000	3064.462033
289	10.000000	20.000000	10.000000	3075.102348
290	10.000000	20.000000	10.000000	3085.684242
291	10.000000	20.000000	10.000000	3096.294150
292	10.000000	20.000000	10.000000	3106.831438
293	10.000000	20.000000	10.000000	3117.343086
294	10.000000	20.000000	10.000000	3127.926628
295	10.000000	20.000000	10.000000	3138.504149
296	10.000000	20.000000	10.000000	3149.050614
297	10.000000	20.000000	10.000000	3159.661563
298	10.000000	20.000000	10.000000	3170.230531
299	10.000000	20.000000	10.000000	3180.767577
300	10.000000	20.000000	10.000000	3191.343985
301	10.000000	20.000000	10.000000	3201.890246
302	10.000000	20.000000	10.000000	3212.435612
303	10.000000	20.000000	10.000000	3222.998325
304	10.000000	20.000000	10.000000	3233.561298
305	10.000000	20.000000	10.000000	3244.077319
306	10.000000	20.000000	10.000000	3254.689200
307	10.000000	20.000000	10.000000	3265.240133
308	10.000000	20.000000	10.000000	3275.786956
309	10.000000	20.000000	10.000000	3286.367059
310	10.000000	20.000000	10.000000	3296.929276
311	10.000000	20.000000	10.000000	3307.485440
312	10.000000	20.000000	10.000000	3318.017796
313	10.000000	20.000000	10.000000	3328.547960
314	10.000000	20.000000	10.000000	3339.094898
315	10.000000	20.000000	10.000000	3349.632559
316	10.000000	20.000000	10.000000	3360.207093
317	10.000000	20.000000	10.000000	3370.759871
318	10.000000	20.000000	10.000000	3381.369642
319	10.000000	20.000000	10.000000	3391.934978
320	10.000000	20.000000	10.000000	3402.506379
321	10.000000	20.000000	10.000000	3413.026855
322	10.000000	20.000000	10.000000	3423.605521
323	10.000000	20.000000	10.000000	3434.128162
324	10.000000	20.000000	10.000000	3444.648705
325	10.000000	20.000000	10.000000	3455.179846
326	10.000000	20.000000	10.000000	3465.722676
327	10.000000	20.000000	10.000000	3476.242860
328	10.000000	20.000000	10.000000	3486.766805
329	10.000000	20.000000	10.000000	3497.335168
330	10.000000	20.000000	10.000000	3507.877220
331	10.000000	20.000000	10.000000	3518.403746
332	10.000000	20.000000	10.000000	3529.005593
333	10.000000	20.000000	10.000000	3539.618785
334	10.000000	20.000000	10.000000	3550.177176
335	10.000000	20.000000	10.000000	3560.736335
336	10.000000	20.000000	10.000000	3571.289666
337	10.000000	20.000000	10.000000	3581.869011
338	10.000000	20.000000	10.000000	3592.452987
339	10.000000	20.000000	10.000000	3603.005467

10.000000	3603.005781
Agent policy:
  Deterministic policy v35_a2 --> 1.0
Nature policy:
  Environment 0, State 4 --> 0.0
  Environment 0, State 5 --> 0.0
  Environment 0, State 6 --> 1.0