0	0.000000	10.000000	10.000000	24.050328
6	0.000000	10.000000	10.000000	200.973589
7	0.000000	10.000000	10.000000	279.308299
8	0.000000	10.000000	10.000000	384.194126
9	0.000000	10.000000	10.000000	489.551282
10	0.000000	10.000000	10.000000	595.400870
11	0.000000	10.000000	10.000000	701.165686
12	0.000000	10.000000	10.000000	807.172295
13	0.000000	10.000000	10.000000	913.706627
14	0.000000	10.000000	10.000000	1021.214247
15	0.000000	10.000000	10.000000	1129.423559
16	0.000000	10.000000	10.000000	1238.325962
17	0.000000	10.000000	10.000000	1347.686421
18	0.000000	10.000000	10.000000	1458.143521
19	0.000000	10.000000	10.000000	1565.827254
20	0.000000	10.000000	10.000000	1676.909754
21	0.000000	10.000000	10.000000	1784.688832
22	0.000000	10.000000	10.000000	1897.467698
23	0.000000	10.000000	10.000000	2005.976261
24	0.000000	10.000000	10.000000	2120.563877
25	0.000000	10.000000	10.000000	2229.622596
26	0.000000	10.000000	10.000000	2346.041882
27	0.000000	10.000000	10.000000	2455.378610
28	0.000000	10.000000	10.000000	2573.996644
29	0.000000	10.000000	10.000000	2684.358114
30	0.000000	10.000000	10.000000	2794.403096
31	0.000000	10.000000	10.000000	2916.359177
32	0.000000	10.000000	10.000000	3027.763454
33	0.000000	10.000000	10.000000	3138.923036
34	0.000000	10.000000	10.000000	3264.581849
35	0.000000	10.000000	10.000000	3375.752976
36	0.000000	10.000000	10.000000	3487.553433
37	0.000000	10.000000	10.000000	3616.483091

0.000000	3616.483764
Agent policy:
  Deterministic policy v38_a2 --> 1.0
Nature policy:
  Environment 0, State 1 --> 0.5
  Environment 0, State 2 --> 0.5