0	10.000000	30.000000	20.000000	13.093031
8	10.000000	30.000000	20.000000	97.365032
9	10.000000	30.000000	20.000000	149.603503
10	13.333333	29.999970	16.666637	202.141953
11	16.000000	30.000000	14.000000	254.813937
12	16.000000	30.000000	14.000000	307.267772
13	16.000000	30.000000	14.000000	359.832347
14	16.000000	30.000000	14.000000	412.487792
15	16.000000	30.000000	14.000000	465.210071
16	16.000000	30.000000	14.000000	517.943016
17	16.000000	30.000000	14.000000	570.833937
18	16.000000	30.000000	14.000000	623.948911
19	16.000000	30.000000	14.000000	676.929921
20	16.000000	30.000000	14.000000	730.142361
21	16.000000	30.000000	14.000000	783.473201
22	16.000000	30.000000	14.000000	836.408708
23	16.000000	30.000000	14.000000	889.818574
24	16.000000	30.000000	14.000000	942.862478
25	16.000000	30.000000	14.000000	996.581426
26	16.000000	30.000000	14.000000	1049.601413
27	16.000000	30.000000	14.000000	1103.390266
28	16.000000	30.000000	14.000000	1156.552733
29	16.000000	30.000000	14.000000	1210.740084
30	16.000000	30.000000	14.000000	1263.815968
31	16.000000	30.000000	14.000000	1318.192969
32	16.000000	30.000000	14.000000	1371.513490
33	16.000000	30.000000	14.000000	1424.771535
34	16.000000	30.000000	14.000000	1479.868931
35	16.000000	30.000000	14.000000	1533.368842
36	16.000000	30.000000	14.000000	1586.753240
37	16.000000	30.000000	14.000000	1642.477578
38	16.000000	30.000000	14.000000	1696.034506
39	16.000000	30.000000	14.000000	1749.733689
40	16.000000	30.000000	14.000000	1805.892698
41	16.000000	30.000000	14.000000	1859.704232
42	16.000000	30.000000	14.000000	1913.270553
43	16.000000	30.000000	14.000000	1970.134877
44	16.000000	30.000000	14.000000	2023.857312
45	16.000000	30.000000	14.000000	2077.689605
46	16.000000	30.000000	14.000000	2131.518373
47	16.000000	30.000000	14.000000	2189.164240
48	16.000000	30.000000	14.000000	2242.987702
49	16.000000	30.000000	14.000000	2296.860451
50	16.000000	30.000000	14.000000	2350.919754
51	16.000000	30.000000	14.000000	2409.444444
52	16.000000	30.000000	14.000000	2463.448814
53	16.000000	30.000000	14.000000	2517.438059
54	16.000000	30.000000	14.000000	2571.652619
55	16.000000	30.000000	14.000000	2625.744880
56	16.000000	30.000000	14.000000	2685.865582
57	16.000000	30.000000	14.000000	2740.084438
58	16.000000	30.000000	14.000000	2794.598770
59	16.000000	30.000000	14.000000	2848.963366
60	16.000000	30.000000	14.000000	2903.296036
61	16.000000	30.000000	14.000000	2964.890831
62	16.000000	30.000000	14.000000	3019.411820
63	16.000000	30.000000	14.000000	3074.053656
64	16.000000	30.000000	14.000000	3128.590739
65	16.000000	30.000000	14.000000	3183.321791
66	16.000000	30.000000	14.000000	3237.931140
67	16.000000	30.000000	14.000000	3301.606883
68	16.000000	30.000000	14.000000	3356.218971
69	16.000000	30.000000	14.000000	3411.021939
70	16.000000	30.000000	14.000000	3465.705556
71	16.000000	30.000000	14.000000	3520.547385
72	16.000000	30.000000	14.000000	3575.272576
73	16.000000	30.000000	14.000000	3641.349094

16.000000	3641.350027
Agent policy:
  Deterministic policy v77_a2 --> 0.2
  Deterministic policy v82_a7 --> 0.8
Nature policy:
  Environment 0, State 4 --> 0.6
  Environment 0, State 5 --> 0.2
  Environment 0, State 6 --> 0.2