0	10.000000	20.000000	10.000000	2.930412
5	10.000000	20.000000	10.000000	14.388885
6	10.000000	20.000000	10.000000	18.458140
7	10.000000	20.000000	10.000000	22.504739
8	10.000000	20.000000	10.000000	26.537550
9	10.000000	20.000000	10.000000	30.581971
10	10.000000	20.000000	10.000000	34.635078
11	10.000000	20.000000	10.000000	38.675457
12	10.000000	20.000000	10.000000	42.747546
13	10.000000	20.000000	10.000000	46.894662
14	10.000000	20.000000	10.000000	51.079957
15	10.000000	20.000000	10.000000	55.137881
16	10.000000	20.000000	10.000000	59.212841
17	10.000000	20.000000	10.000000	63.361539
18	10.000000	20.000000	10.000000	67.402542
19	10.000000	20.000000	10.000000	71.449598
20	10.000000	20.000000	10.000000	75.504206
21	10.000000	20.000000	10.000000	79.583062
22	10.000000	20.000000	10.000000	83.698337
23	10.000000	20.000000	10.000000	87.796027
24	10.000000	20.000000	10.000000	91.894035
25	10.000000	20.000000	10.000000	95.995540
26	10.000000	20.000000	10.000000	100.065961
27	10.000000	20.000000	10.000000	104.133582
28	10.000000	20.000000	10.000000	108.196539
29	10.000000	20.000000	10.000000	112.245043
30	10.000000	20.000000	10.000000	116.318062
31	10.000000	20.000000	10.000000	120.404251
32	10.000000	20.000000	10.000000	124.491609
33	10.000000	20.000000	10.000000	128.576490
34	10.000000	20.000000	10.000000	132.658771
35	10.000000	20.000000	10.000000	136.709899
36	10.000000	20.000000	10.000000	140.760234
37	10.000000	20.000000	10.000000	144.819824
38	10.000000	20.000000	10.000000	148.891310
39	10.000000	20.000000	10.000000	152.963250
40	10.000000	20.000000	10.000000	157.039783
41	10.000000	20.000000	10.000000	161.103589
42	10.000000	20.000000	10.000000	165.186291
43	10.000000	20.000000	10.000000	169.261948
44	10.000000	20.000000	10.000000	173.346797
45	10.000000	20.000000	10.000000	177.423059
46	10.000000	20.000000	10.000000	181.516474
47	10.000000	20.000000	10.000000	185.591206
48	10.000000	20.000000	10.000000	189.680003
49	10.000000	20.000000	10.000000	193.772153
50	10.000000	20.000000	10.000000	197.876791
51	10.000000	20.000000	10.000000	201.968130
52	10.000000	20.000000	10.000000	206.045219
53	10.000000	20.000000	10.000000	210.088526
54	10.000000	20.000000	10.000000	214.143267
55	10.000000	20.000000	10.000000	218.214827
56	10.000000	20.000000	10.000000	222.281698
57	10.000000	20.000000	10.000000	226.348041
58	10.000000	20.000000	10.000000	230.451661
59	10.000000	20.000000	10.000000	234.529523
60	10.000000	20.000000	10.000000	238.593665
61	10.000000	20.000000	10.000000	242.708935
62	10.000000	20.000000	10.000000	246.804654
63	10.000000	20.000000	10.000000	250.890178
64	10.000000	20.000000	10.000000	254.982854
65	10.000000	20.000000	10.000000	259.060082
66	10.000000	20.000000	10.000000	263.161776
67	10.000000	20.000000	10.000000	267.229385
68	10.000000	20.000000	10.000000	271.312054
69	10.000000	20.000000	10.000000	275.387112
70	10.000000	20.000000	10.000000	279.482455
71	10.000000	20.000000	10.000000	283.561678
72	10.000000	20.000000	10.000000	287.644719
73	10.000000	20.000000	10.000000	291.719567
74	10.000000	20.000000	10.000000	295.805336
75	10.000000	20.000000	10.000000	299.886369
76	10.000000	20.000000	10.000000	304.054037
77	10.000000	20.000000	10.000000	308.287289
78	10.000000	20.000000	10.000000	312.515545
79	10.000000	20.000000	10.000000	316.677724
80	10.000000	20.000000	10.000000	320.733824
81	10.000000	20.000000	10.000000	324.795255
82	10.000000	20.000000	10.000000	328.890597
83	10.000000	20.000000	10.000000	332.950424
84	10.000000	20.000000	10.000000	337.036487
85	10.000000	20.000000	10.000000	341.128520
86	10.000000	20.000000	10.000000	345.211675
87	10.000000	20.000000	10.000000	349.286516
88	10.000000	20.000000	10.000000	353.367118
89	10.000000	20.000000	10.000000	357.580566
90	10.000000	20.000000	10.000000	361.926171
91	10.000000	20.000000	10.000000	366.322621
92	10.000000	20.000000	10.000000	370.374158
93	10.000000	20.000000	10.000000	374.455639
94	10.000000	20.000000	10.000000	378.601036
95	10.000000	20.000000	10.000000	382.749232
96	10.000000	20.000000	10.000000	386.862726
97	10.000000	20.000000	10.000000	390.947015
98	10.000000	20.000000	10.000000	395.008369
99	10.000000	20.000000	10.000000	399.155399
100	10.000000	20.000000	10.000000	403.329427
101	10.000000	20.000000	10.000000	407.479011
102	10.000000	20.000000	10.000000	411.555944
103	10.000000	20.000000	10.000000	415.639634
104	10.000000	20.000000	10.000000	419.711377
105	10.000000	20.000000	10.000000	423.783312
106	10.000000	20.000000	10.000000	427.845068
107	10.000000	20.000000	10.000000	431.917539
108	10.000000	20.000000	10.000000	436.005291
109	10.000000	20.000000	10.000000	440.071087
110	10.000000	20.000000	10.000000	444.138331
111	10.000000	20.000000	10.000000	448.204689
112	10.000000	20.000000	10.000000	452.275096
113	10.000000	20.000000	10.000000	456.349104
114	10.000000	20.000000	10.000000	460.439751
115	10.000000	20.000000	10.000000	464.520921
116	10.000000	20.000000	10.000000	468.605613
117	10.000000	20.000000	10.000000	472.693513
118	10.000000	20.000000	10.000000	476.776609
119	10.000000	20.000000	10.000000	480.897300
120	10.000000	20.000000	10.000000	485.004653
121	10.000000	20.000000	10.000000	489.099319
122	10.000000	20.000000	10.000000	493.187787
123	10.000000	20.000000	10.000000	497.293413
124	10.000000	20.000000	10.000000	501.375650
125	10.000000	20.000000	10.000000	505.465403
126	10.000000	20.000000	10.000000	509.551239
127	10.000000	20.000000	10.000000	513.759092
128	10.000000	20.000000	10.000000	517.992177
129	10.000000	20.000000	10.000000	522.156688
130	10.000000	20.000000	10.000000	526.284052
131	10.000000	20.000000	10.000000	530.366280
132	10.000000	20.000000	10.000000	534.644493
133	10.000000	20.000000	10.000000	538.706602
134	10.000000	20.000000	10.000000	542.845021
135	10.000000	20.000000	10.000000	546.901268
136	10.000000	20.000000	10.000000	550.943609
137	10.000000	20.000000	10.000000	554.991193
138	10.000000	20.000000	10.000000	559.059198
139	10.000000	20.000000	10.000000	563.112879
140	10.000000	20.000000	10.000000	567.167866
141	10.000000	20.000000	10.000000	571.247083
142	10.000000	20.000000	10.000000	575.303315
143	10.000000	20.000000	10.000000	579.351989
144	10.000000	20.000000	10.000000	583.424615
145	10.000000	20.000000	10.000000	587.492301
146	10.000000	20.000000	10.000000	591.552454
147	10.000000	20.000000	10.000000	595.601177
148	10.000000	20.000000	10.000000	599.728108
149	10.000000	20.000000	10.000000	603.772729
150	10.000000	20.000000	10.000000	607.830286
151	10.000000	20.000000	10.000000	611.894517
152	10.000000	20.000000	10.000000	615.974255
153	10.000000	20.000000	10.000000	620.055871
154	10.000000	20.000000	10.000000	624.178028
155	10.000000	20.000000	10.000000	628.262429
156	10.000000	20.000000	10.000000	632.338107
157	10.000000	20.000000	10.000000	636.462033
158	10.000000	20.000000	10.000000	640.556021
159	10.000000	20.000000	10.000000	644.612494
160	10.000000	20.000000	10.000000	648.685926
161	10.000000	20.000000	10.000000	652.744435
162	10.000000	20.000000	10.000000	656.809099
163	10.000000	20.000000	10.000000	660.885719
164	10.000000	20.000000	10.000000	664.974713
165	10.000000	20.000000	10.000000	669.104035
166	10.000000	20.000000	10.000000	673.177726
167	10.000000	20.000000	10.000000	677.256568
168	10.000000	20.000000	10.000000	681.445205
169	10.000000	20.000000	10.000000	685.567320
170	10.000000	20.000000	10.000000	689.717987
171	10.000000	20.000000	10.000000	693.955431
172	10.000000	20.000000	10.000000	698.139524
173	10.000000	20.000000	10.000000	702.305280
174	10.000000	20.000000	10.000000	706.595611
175	10.000000	20.000000	10.000000	710.705441
176	10.000000	20.000000	10.000000	714.912650
177	10.000000	20.000000	10.000000	719.204121
178	10.000000	20.000000	10.000000	723.366944
179	10.000000	20.000000	10.000000	727.590521
180	10.000000	20.000000	10.000000	731.742946
181	10.000000	20.000000	10.000000	735.993382
182	10.000000	20.000000	10.000000	740.158865
183	10.000000	20.000000	10.000000	744.236899
184	10.000000	20.000000	10.000000	748.312234
185	10.000000	20.000000	10.000000	752.400559
186	10.000000	20.000000	10.000000	756.489853
187	10.000000	20.000000	10.000000	760.579159
188	10.000000	20.000000	10.000000	764.665081
189	10.000000	20.000000	10.000000	768.735312
190	10.000000	20.000000	10.000000	772.812062
191	10.000000	20.000000	10.000000	776.886206
192	10.000000	20.000000	10.000000	780.977142
193	10.000000	20.000000	10.000000	785.050458
194	10.000000	20.000000	10.000000	789.111540
195	10.000000	20.000000	10.000000	793.165361
196	10.000000	20.000000	10.000000	797.223373
197	10.000000	20.000000	10.000000	801.283816
198	10.000000	20.000000	10.000000	805.357673
199	10.000000	20.000000	10.000000	809.454906
200	10.000000	20.000000	10.000000	813.544307
201	10.000000	20.000000	10.000000	817.627278
202	10.000000	20.000000	10.000000	821.711068
203	10.000000	20.000000	10.000000	825.781257
204	10.000000	20.000000	10.000000	829.847136
205	10.000000	20.000000	10.000000	833.925683
206	10.000000	20.000000	10.000000	838.003097
207	10.000000	20.000000	10.000000	842.069233
208	10.000000	20.000000	10.000000	846.161449
209	10.000000	20.000000	10.000000	850.234106
210	10.000000	20.000000	10.000000	854.312570
211	10.000000	20.000000	10.000000	858.368042
212	10.000000	20.000000	10.000000	862.450801
213	10.000000	20.000000	10.000000	866.514469
214	10.000000	20.000000	10.000000	870.577033
215	10.000000	20.000000	10.000000	874.652634
216	10.000000	20.000000	10.000000	878.720112
217	10.000000	20.000000	10.000000	882.785019
218	10.000000	20.000000	10.000000	886.865327
219	10.000000	20.000000	10.000000	890.961112
220	10.000000	20.000000	10.000000	895.048309
221	10.000000	20.000000	10.000000	899.124640
222	10.000000	20.000000	10.000000	903.201268
223	10.000000	20.000000	10.000000	907.289187
224	10.000000	20.000000	10.000000	911.354982
225	10.000000	20.000000	10.000000	915.428465
226	10.000000	20.000000	10.000000	919.504858
227	10.000000	20.000000	10.000000	923.571838
228	10.000000	20.000000	10.000000	927.646135
229	10.000000	20.000000	10.000000	931.730307
230	10.000000	20.000000	10.000000	935.813691
231	10.000000	20.000000	10.000000	939.900617
232	10.000000	20.000000	10.000000	943.969829
233	10.000000	20.000000	10.000000	948.028321
234	10.000000	20.000000	10.000000	952.085617
235	10.000000	20.000000	10.000000	956.134994
236	10.000000	20.000000	10.000000	960.202227
237	10.000000	20.000000	10.000000	964.267969
238	10.000000	20.000000	10.000000	968.346194
239	10.000000	20.000000	10.000000	972.445542
240	10.000000	20.000000	10.000000	976.530179
241	10.000000	20.000000	10.000000	980.605083
242	10.000000	20.000000	10.000000	984.672580
243	10.000000	20.000000	10.000000	988.715309
244	10.000000	20.000000	10.000000	992.775531
245	10.000000	20.000000	10.000000	996.847009
246	10.000000	20.000000	10.000000	1000.933143
247	10.000000	20.000000	10.000000	1005.015265
248	10.000000	20.000000	10.000000	1009.101095
249	10.000000	20.000000	10.000000	1013.187293
250	10.000000	20.000000	10.000000	1017.278116
251	10.000000	20.000000	10.000000	1021.338699
252	10.000000	20.000000	10.000000	1025.415388
253	10.000000	20.000000	10.000000	1029.479111
254	10.000000	20.000000	10.000000	1033.566911
255	10.000000	20.000000	10.000000	1037.636635
256	10.000000	20.000000	10.000000	1041.715348
257	10.000000	20.000000	10.000000	1045.792888
258	10.000000	20.000000	10.000000	1049.858227
259	10.000000	20.000000	10.000000	1053.963959
260	10.000000	20.000000	10.000000	1058.037237
261	10.000000	20.000000	10.000000	1062.139876
262	10.000000	20.000000	10.000000	1066.242595
263	10.000000	20.000000	10.000000	1070.333969
264	10.000000	20.000000	10.000000	1074.424884
265	10.000000	20.000000	10.000000	1078.486759
266	10.000000	20.000000	10.000000	1082.575485
267	10.000000	20.000000	10.000000	1086.653774
268	10.000000	20.000000	10.000000	1090.721991
269	10.000000	20.000000	10.000000	1094.800497
270	10.000000	20.000000	10.000000	1098.880989
271	10.000000	20.000000	10.000000	1102.954047
272	10.000000	20.000000	10.000000	1107.043730
273	10.000000	20.000000	10.000000	1111.114655
274	10.000000	20.000000	10.000000	1115.190357
275	10.000000	20.000000	10.000000	1119.278565
276	10.000000	20.000000	10.000000	1123.356089
277	10.000000	20.000000	10.000000	1127.455839
278	10.000000	20.000000	10.000000	1131.512617
279	10.000000	20.000000	10.000000	1135.576002
280	10.000000	20.000000	10.000000	1139.631491
281	10.000000	20.000000	10.000000	1143.693004
282	10.000000	20.000000	10.000000	1147.763715
283	10.000000	20.000000	10.000000	1151.812653
284	10.000000	20.000000	10.000000	1155.873396
285	10.000000	20.000000	10.000000	1159.937644
286	10.000000	20.000000	10.000000	1164.028292
287	10.000000	20.000000	10.000000	1168.106313
288	10.000000	20.000000	10.000000	1172.178776
289	10.000000	20.000000	10.000000	1176.270703
290	10.000000	20.000000	10.000000	1180.343666
291	10.000000	20.000000	10.000000	1184.410556
292	10.000000	20.000000	10.000000	1188.493117
293	10.000000	20.000000	10.000000	1192.578805
294	10.000000	20.000000	10.000000	1196.674158
295	10.000000	20.000000	10.000000	1200.777765
296	10.000000	20.000000	10.000000	1204.843575
297	10.000000	20.000000	10.000000	1208.921438
298	10.000000	20.000000	10.000000	1213.011924
299	10.000000	20.000000	10.000000	1217.085802
300	10.000000	20.000000	10.000000	1221.150415
301	10.000000	20.000000	10.000000	1225.233699
302	10.000000	20.000000	10.000000	1229.306154
303	10.000000	20.000000	10.000000	1233.384268
304	10.000000	20.000000	10.000000	1237.472532
305	10.000000	20.000000	10.000000	1241.531470
306	10.000000	20.000000	10.000000	1245.588302
307	10.000000	20.000000	10.000000	1249.654317
308	10.000000	20.000000	10.000000	1253.734717
309	10.000000	20.000000	10.000000	1257.802299
310	10.000000	20.000000	10.000000	1261.878814
311	10.000000	20.000000	10.000000	1265.963657
312	10.000000	20.000000	10.000000	1270.064039
313	10.000000	20.000000	10.000000	1274.164778
314	10.000000	20.000000	10.000000	1278.235210
315	10.000000	20.000000	10.000000	1282.317251
316	10.000000	20.000000	10.000000	1286.395892
317	10.000000	20.000000	10.000000	1290.474343
318	10.000000	20.000000	10.000000	1294.576266
319	10.000000	20.000000	10.000000	1298.657003
320	10.000000	20.000000	10.000000	1302.737811
321	10.000000	20.000000	10.000000	1306.834040
322	10.000000	20.000000	10.000000	1310.920579
323	10.000000	20.000000	10.000000	1315.007293
324	10.000000	20.000000	10.000000	1319.081660
325	10.000000	20.000000	10.000000	1323.161948
326	10.000000	20.000000	10.000000	1327.232246
327	10.000000	20.000000	10.000000	1331.297014
328	10.000000	20.000000	10.000000	1335.365509
329	10.000000	20.000000	10.000000	1339.435876
330	10.000000	20.000000	10.000000	1343.525817
331	10.000000	20.000000	10.000000	1347.652685
332	10.000000	20.000000	10.000000	1351.716153
333	10.000000	20.000000	10.000000	1355.800124
334	10.000000	20.000000	10.000000	1359.886304
335	10.000000	20.000000	10.000000	1363.990227
336	10.000000	20.000000	10.000000	1368.112329
337	10.000000	20.000000	10.000000	1372.193178
338	10.000000	20.000000	10.000000	1376.322899
339	10.000000	20.000000	10.000000	1380.396219
340	10.000000	20.000000	10.000000	1384.466773
341	10.000000	20.000000	10.000000	1388.527085
342	10.000000	20.000000	10.000000	1392.593514
343	10.000000	20.000000	10.000000	1396.662850
344	10.000000	20.000000	10.000000	1400.734294
345	10.000000	20.000000	10.000000	1404.819325
346	10.000000	20.000000	10.000000	1408.892180
347	10.000000	20.000000	10.000000	1412.971419
348	10.000000	20.000000	10.000000	1417.057303
349	10.000000	20.000000	10.000000	1421.113965
350	10.000000	20.000000	10.000000	1425.166561
351	10.000000	20.000000	10.000000	1429.229871
352	10.000000	20.000000	10.000000	1433.290986
353	10.000000	20.000000	10.000000	1437.343851
354	10.000000	20.000000	10.000000	1441.415593
355	10.000000	20.000000	10.000000	1445.480153
356	10.000000	20.000000	10.000000	1449.555150
357	10.000000	20.000000	10.000000	1453.609838
358	10.000000	20.000000	10.000000	1457.667454
359	10.000000	20.000000	10.000000	1461.728907
360	10.000000	20.000000	10.000000	1465.814754
361	10.000000	20.000000	10.000000	1469.888724
362	10.000000	20.000000	10.000000	1473.946939
363	10.000000	20.000000	10.000000	1477.998966
364	10.000000	20.000000	10.000000	1482.057839
365	10.000000	20.000000	10.000000	1486.137644
366	10.000000	20.000000	10.000000	1490.190908
367	10.000000	20.000000	10.000000	1494.257139
368	10.000000	20.000000	10.000000	1498.321815
369	10.000000	20.000000	10.000000	1502.401744
370	10.000000	20.000000	10.000000	1506.459574
371	10.000000	20.000000	10.000000	1510.490827
372	10.000000	20.000000	10.000000	1514.530876
373	10.000000	20.000000	10.000000	1518.587014
374	10.000000	20.000000	10.000000	1522.634034
375	10.000000	20.000000	10.000000	1526.724160
376	10.000000	20.000000	10.000000	1530.814646
377	10.000000	20.000000	10.000000	1534.879441
378	10.000000	20.000000	10.000000	1538.956578
379	10.000000	20.000000	10.000000	1543.032885
380	10.000000	20.000000	10.000000	1547.117877
381	10.000000	20.000000	10.000000	1551.202219
382	10.000000	20.000000	10.000000	1555.261611
383	10.000000	20.000000	10.000000	1559.339281
384	10.000000	20.000000	10.000000	1563.424682
385	10.000000	20.000000	10.000000	1567.490612
386	10.000000	20.000000	10.000000	1571.558530
387	10.000000	20.000000	10.000000	1575.644904
388	10.000000	20.000000	10.000000	1579.721785
389	10.000000	20.000000	10.000000	1583.791572
390	10.000000	20.000000	10.000000	1587.849481
391	10.000000	20.000000	10.000000	1591.897412
392	10.000000	20.000000	10.000000	1595.954622
393	10.000000	20.000000	10.000000	1600.021711
394	10.000000	20.000000	10.000000	1604.099052
395	10.000000	20.000000	10.000000	1608.189232
396	10.000000	20.000000	10.000000	1612.279706
397	10.000000	20.000000	10.000000	1616.346716
398	10.000000	20.000000	10.000000	1620.438094
399	10.000000	20.000000	10.000000	1624.507523
400	10.000000	20.000000	10.000000	1628.596607
401	10.000000	20.000000	10.000000	1632.668596
402	10.000000	20.000000	10.000000	1636.754427
403	10.000000	20.000000	10.000000	1640.843208
404	10.000000	20.000000	10.000000	1644.924126
405	10.000000	20.000000	10.000000	1648.990813
406	10.000000	20.000000	10.000000	1653.058737
407	10.000000	20.000000	10.000000	1657.115436
408	10.000000	20.000000	10.000000	1661.170433
409	10.000000	20.000000	10.000000	1665.233801
410	10.000000	20.000000	10.000000	1669.295111
411	10.000000	20.000000	10.000000	1673.375119
412	10.000000	20.000000	10.000000	1677.449849
413	10.000000	20.000000	10.000000	1681.530463
414	10.000000	20.000000	10.000000	1685.602642
415	10.000000	20.000000	10.000000	1689.674844
416	10.000000	20.000000	10.000000	1693.751803
417	10.000000	20.000000	10.000000	1697.830125
418	10.000000	20.000000	10.000000	1701.894416
419	10.000000	20.000000	10.000000	1705.954937
420	10.000000	20.000000	10.000000	1710.012609
421	10.000000	20.000000	10.000000	1714.066348
422	10.000000	20.000000	10.000000	1718.126713
423	10.000000	20.000000	10.000000	1722.187129
424	10.000000	20.000000	10.000000	1726.249509
425	10.000000	20.000000	10.000000	1730.296808
426	10.000000	20.000000	10.000000	1734.361535
427	10.000000	20.000000	10.000000	1738.434461
428	10.000000	20.000000	10.000000	1742.498578
429	10.000000	20.000000	10.000000	1746.559879
430	10.000000	20.000000	10.000000	1750.620186
431	10.000000	20.000000	10.000000	1754.700526
432	10.000000	20.000000	10.000000	1758.774090
433	10.000000	20.000000	10.000000	1762.839061
434	10.000000	20.000000	10.000000	1766.911347
435	10.000000	20.000000	10.000000	1770.988240
436	10.000000	20.000000	10.000000	1775.072505
437	10.000000	20.000000	10.000000	1779.144732
438	10.000000	20.000000	10.000000	1783.189652
439	10.000000	20.000000	10.000000	1787.226726
440	10.000000	20.000000	10.000000	1791.283787
441	10.000000	20.000000	10.000000	1795.356327
442	10.000000	20.000000	10.000000	1799.423512
443	10.000000	20.000000	10.000000	1803.509117
444	10.000000	20.000000	10.000000	1807.599587
445	10.000000	20.000000	10.000000	1811.670336
446	10.000000	20.000000	10.000000	1815.754804
447	10.000000	20.000000	10.000000	1819.900263
448	10.000000	20.000000	10.000000	1823.972175
449	10.000000	20.000000	10.000000	1828.075401
450	10.000000	20.000000	10.000000	1832.166209
451	10.000000	20.000000	10.000000	1836.275129
452	10.000000	20.000000	10.000000	1840.421330
453	10.000000	20.000000	10.000000	1844.540984
454	10.000000	20.000000	10.000000	1848.620803
455	10.000000	20.000000	10.000000	1852.748627
456	10.000000	20.000000	10.000000	1856.858382
457	10.000000	20.000000	10.000000	1860.967708
458	10.000000	20.000000	10.000000	1865.054493
459	10.000000	20.000000	10.000000	1869.180057
460	10.000000	20.000000	10.000000	1873.232513
461	10.000000	20.000000	10.000000	1877.308351
462	10.000000	20.000000	10.000000	1881.378311
463	10.000000	20.000000	10.000000	1885.460396
464	10.000000	20.000000	10.000000	1889.546092
465	10.000000	20.000000	10.000000	1893.639305
466	10.000000	20.000000	10.000000	1897.698900
467	10.000000	20.000000	10.000000	1901.784473
468	10.000000	20.000000	10.000000	1905.856385
469	10.000000	20.000000	10.000000	1909.935235
470	10.000000	20.000000	10.000000	1914.084481
471	10.000000	20.000000	10.000000	1918.143744
472	10.000000	20.000000	10.000000	1922.200196
473	10.000000	20.000000	10.000000	1926.245114
474	10.000000	20.000000	10.000000	1930.294788
475	10.000000	20.000000	10.000000	1934.367376
476	10.000000	20.000000	10.000000	1938.442209
477	10.000000	20.000000	10.000000	1942.531731
478	10.000000	20.000000	10.000000	1946.602342
479	10.000000	20.000000	10.000000	1950.671077
480	10.000000	20.000000	10.000000	1954.744329
481	10.000000	20.000000	10.000000	1958.805058
482	10.000000	20.000000	10.000000	1962.883519
483	10.000000	20.000000	10.000000	1966.969943
484	10.000000	20.000000	10.000000	1971.034786
485	10.000000	20.000000	10.000000	1975.101737
486	10.000000	20.000000	10.000000	1979.179386
487	10.000000	20.000000	10.000000	1983.256388
488	10.000000	20.000000	10.000000	1987.329532
489	10.000000	20.000000	10.000000	1991.429234
490	10.000000	20.000000	10.000000	1995.514330
491	10.000000	20.000000	10.000000	1999.580328
492	10.000000	20.000000	10.000000	2003.662525
493	10.000000	20.000000	10.000000	2007.755653
494	10.000000	20.000000	10.000000	2011.815593
495	10.000000	20.000000	10.000000	2015.896273
496	10.000000	20.000000	10.000000	2019.969807
497	10.000000	20.000000	10.000000	2024.048818
498	10.000000	20.000000	10.000000	2028.155064
499	10.000000	20.000000	10.000000	2032.233884
500	10.000000	20.000000	10.000000	2036.296074
501	10.000000	20.000000	10.000000	2040.387160
502	10.000000	20.000000	10.000000	2044.488313
503	10.000000	20.000000	10.000000	2048.545835
504	10.000000	20.000000	10.000000	2052.620700
505	10.000000	20.000000	10.000000	2056.683601
506	10.000000	20.000000	10.000000	2060.743582
507	10.000000	20.000000	10.000000	2064.789474
508	10.000000	20.000000	10.000000	2068.851116
509	10.000000	20.000000	10.000000	2072.924479
510	10.000000	20.000000	10.000000	2076.984282
511	10.000000	20.000000	10.000000	2081.050039
512	10.000000	20.000000	10.000000	2085.128513
513	10.000000	20.000000	10.000000	2089.211602
514	10.000000	20.000000	10.000000	2093.297091
515	10.000000	20.000000	10.000000	2097.367203
516	10.000000	20.000000	10.000000	2101.438670
517	10.000000	20.000000	10.000000	2105.497349
518	10.000000	20.000000	10.000000	2109.572438
519	10.000000	20.000000	10.000000	2113.656096
520	10.000000	20.000000	10.000000	2117.741529
521	10.000000	20.000000	10.000000	2121.798963
522	10.000000	20.000000	10.000000	2125.858981
523	10.000000	20.000000	10.000000	2129.911174
524	10.000000	20.000000	10.000000	2133.958450
525	10.000000	20.000000	10.000000	2138.015051
526	10.000000	20.000000	10.000000	2142.075569
527	10.000000	20.000000	10.000000	2146.143026
528	10.000000	20.000000	10.000000	2150.205608
529	10.000000	20.000000	10.000000	2154.269587
530	10.000000	20.000000	10.000000	2158.316623
531	10.000000	20.000000	10.000000	2162.368248
532	10.000000	20.000000	10.000000	2166.430664
533	10.000000	20.000000	10.000000	2170.489551
534	10.000000	20.000000	10.000000	2174.568182
535	10.000000	20.000000	10.000000	2178.655288
536	10.000000	20.000000	10.000000	2182.748947
537	10.000000	20.000000	10.000000	2186.827008
538	10.000000	20.000000	10.000000	2190.914188
539	10.000000	20.000000	10.000000	2194.980581
540	10.000000	20.000000	10.000000	2199.062181
541	10.000000	20.000000	10.000000	2203.142501
542	10.000000	20.000000	10.000000	2207.220869
543	10.000000	20.000000	10.000000	2211.288962
544	10.000000	20.000000	10.000000	2215.368047
545	10.000000	20.000000	10.000000	2219.458519
546	10.000000	20.000000	10.000000	2223.521986
547	10.000000	20.000000	10.000000	2227.603073
548	10.000000	20.000000	10.000000	2231.672008
549	10.000000	20.000000	10.000000	2235.748098
550	10.000000	20.000000	10.000000	2239.825080
551	10.000000	20.000000	10.000000	2243.921735
552	10.000000	20.000000	10.000000	2248.006598
553	10.000000	20.000000	10.000000	2252.102813
554	10.000000	20.000000	10.000000	2256.184731
555	10.000000	20.000000	10.000000	2260.269666
556	10.000000	20.000000	10.000000	2264.337448
557	10.000000	20.000000	10.000000	2268.418600
558	10.000000	20.000000	10.000000	2272.503082
559	10.000000	20.000000	10.000000	2276.574265
560	10.000000	20.000000	10.000000	2280.610173
561	10.000000	20.000000	10.000000	2284.661767
562	10.000000	20.000000	10.000000	2288.707967
563	10.000000	20.000000	10.000000	2292.745646
564	10.000000	20.000000	10.000000	2296.829327
565	10.000000	20.000000	10.000000	2300.913558
566	10.000000	20.000000	10.000000	2304.989268
567	10.000000	20.000000	10.000000	2309.062366
568	10.000000	20.000000	10.000000	2313.145477
569	10.000000	20.000000	10.000000	2317.242470
570	10.000000	20.000000	10.000000	2321.310989
571	10.000000	20.000000	10.000000	2325.387319
572	10.000000	20.000000	10.000000	2329.477427
573	10.000000	20.000000	10.000000	2333.555189
574	10.000000	20.000000	10.000000	2337.639756
575	10.000000	20.000000	10.000000	2341.716656
576	10.000000	20.000000	10.000000	2345.780995
577	10.000000	20.000000	10.000000	2349.848399
578	10.000000	20.000000	10.000000	2353.917600
579	10.000000	20.000000	10.000000	2357.988157
580	10.000000	20.000000	10.000000	2362.037621
581	10.000000	20.000000	10.000000	2366.110379
582	10.000000	20.000000	10.000000	2370.192144
583	10.000000	20.000000	10.000000	2374.252896
584	10.000000	20.000000	10.000000	2378.340211
585	10.000000	20.000000	10.000000	2382.397495
586	10.000000	20.000000	10.000000	2386.460165
587	10.000000	20.000000	10.000000	2390.514028
588	10.000000	20.000000	10.000000	2394.575569
589	10.000000	20.000000	10.000000	2398.641391
590	10.000000	20.000000	10.000000	2402.692871
591	10.000000	20.000000	10.000000	2406.733199
592	10.000000	20.000000	10.000000	2410.784623
593	10.000000	20.000000	10.000000	2414.836366
594	10.000000	20.000000	10.000000	2418.901470
595	10.000000	20.000000	10.000000	2422.962174
596	10.000000	20.000000	10.000000	2427.030671
597	10.000000	20.000000	10.000000	2431.099650
598	10.000000	20.000000	10.000000	2435.182248
599	10.000000	20.000000	10.000000	2439.234721
600	10.000000	20.000000	10.000000	2443.320054
601	10.000000	20.000000	10.000000	2447.386165
602	10.000000	20.000000	10.000000	2451.446347
603	10.000000	20.000000	10.000000	2455.604033
604	10.000000	20.000000	10.000000	2459.675891
605	10.000000	20.000000	10.000000	2463.732324
606	10.000000	20.000000	10.000000	2467.832832
607	10.000000	20.000000	10.000000	2471.892085
608	10.000000	20.000000	10.000000	2475.991322
609	10.000000	20.000000	10.000000	2480.092729
610	10.000000	20.000000	10.000000	2484.202490
611	10.000000	20.000000	10.000000	2488.293323
612	10.000000	20.000000	10.000000	2492.418506
613	10.000000	20.000000	10.000000	2496.512058
614	10.000000	20.000000	10.000000	2500.608257
615	10.000000	20.000000	10.000000	2504.692559
616	10.000000	20.000000	10.000000	2508.772073
617	10.000000	20.000000	10.000000	2512.874800
618	10.000000	20.000000	10.000000	2516.953215
619	10.000000	20.000000	10.000000	2521.089692
620	10.000000	20.000000	10.000000	2525.176700
621	10.000000	20.000000	10.000000	2529.237577
622	10.000000	20.000000	10.000000	2533.323597
623	10.000000	20.000000	10.000000	2537.385852
624	10.000000	20.000000	10.000000	2541.455847
625	10.000000	20.000000	10.000000	2545.530918
626	10.000000	20.000000	10.000000	2549.601359
627	10.000000	20.000000	10.000000	2553.680083
628	10.000000	20.000000	10.000000	2557.734423
629	10.000000	20.000000	10.000000	2561.790094
630	10.000000	20.000000	10.000000	2565.845611
631	10.000000	20.000000	10.000000	2569.895702
632	10.000000	20.000000	10.000000	2573.957367
633	10.000000	20.000000	10.000000	2578.020236
634	10.000000	20.000000	10.000000	2582.086777
635	10.000000	20.000000	10.000000	2586.149791
636	10.000000	20.000000	10.000000	2590.207866
637	10.000000	20.000000	10.000000	2594.271789
638	10.000000	20.000000	10.000000	2598.340806
639	10.000000	20.000000	10.000000	2602.385971
640	10.000000	20.000000	10.000000	2606.461355
641	10.000000	20.000000	10.000000	2610.524736
642	10.000000	20.000000	10.000000	2614.596160
643	10.000000	20.000000	10.000000	2618.679521
644	10.000000	20.000000	10.000000	2622.762361
645	10.000000	20.000000	10.000000	2626.829688
646	10.000000	20.000000	10.000000	2630.898817
647	10.000000	20.000000	10.000000	2634.984693
648	10.000000	20.000000	10.000000	2639.053809
649	10.000000	20.000000	10.000000	2643.116533
650	10.000000	20.000000	10.000000	2647.167234
651	10.000000	20.000000	10.000000	2651.236297
652	10.000000	20.000000	10.000000	2655.304339
653	10.000000	20.000000	10.000000	2659.361650
654	10.000000	20.000000	10.000000	2663.423424
655	10.000000	20.000000	10.000000	2667.489711
656	10.000000	20.000000	10.000000	2671.544899
657	10.000000	20.000000	10.000000	2675.589319
658	10.000000	20.000000	10.000000	2679.625473
659	10.000000	20.000000	10.000000	2683.660638
660	10.000000	20.000000	10.000000	2687.882570
661	10.000000	20.000000	10.000000	2691.997239
662	10.000000	20.000000	10.000000	2696.085395
663	10.000000	20.000000	10.000000	2700.165987
664	10.000000	20.000000	10.000000	2704.235029
665	10.000000	20.000000	10.000000	2708.518933
666	10.000000	20.000000	10.000000	2712.739583
667	10.000000	20.000000	10.000000	2716.912964
668	10.000000	20.000000	10.000000	2720.996386
669	10.000000	20.000000	10.000000	2725.058874
670	10.000000	20.000000	10.000000	2729.146067
671	10.000000	20.000000	10.000000	2733.345842
672	10.000000	20.000000	10.000000	2737.442374
673	10.000000	20.000000	10.000000	2741.519500
674	10.000000	20.000000	10.000000	2745.579457
675	10.000000	20.000000	10.000000	2749.655708
676	10.000000	20.000000	10.000000	2753.725500
677	10.000000	20.000000	10.000000	2757.817034
678	10.000000	20.000000	10.000000	2762.013367
679	10.000000	20.000000	10.000000	2766.087617
680	10.000000	20.000000	10.000000	2770.151008
681	10.000000	20.000000	10.000000	2774.234797
682	10.000000	20.000000	10.000000	2778.312186
683	10.000000	20.000000	10.000000	2782.457840
684	10.000000	20.000000	10.000000	2786.538191
685	10.000000	20.000000	10.000000	2790.592660
686	10.000000	20.000000	10.000000	2794.644720
687	10.000000	20.000000	10.000000	2798.711753
688	10.000000	20.000000	10.000000	2802.769755
689	10.000000	20.000000	10.000000	2806.832066
690	10.000000	20.000000	10.000000	2810.916253
691	10.000000	20.000000	10.000000	2814.982918
692	10.000000	20.000000	10.000000	2819.070338
693	10.000000	20.000000	10.000000	2823.147938
694	10.000000	20.000000	10.000000	2827.250561
695	10.000000	20.000000	10.000000	2831.330238
696	10.000000	20.000000	10.000000	2835.399291
697	10.000000	20.000000	10.000000	2839.484139
698	10.000000	20.000000	10.000000	2843.556139
699	10.000000	20.000000	10.000000	2847.624701
700	10.000000	20.000000	10.000000	2851.697165
701	10.000000	20.000000	10.000000	2855.770966
702	10.000000	20.000000	10.000000	2859.832465
703	10.000000	20.000000	10.000000	2863.900120
704	10.000000	20.000000	10.000000	2867.969156
705	10.000000	20.000000	10.000000	2872.026625
706	10.000000	20.000000	10.000000	2876.086838
707	10.000000	20.000000	10.000000	2880.156390
708	10.000000	20.000000	10.000000	2884.216707
709	10.000000	20.000000	10.000000	2888.288405
710	10.000000	20.000000	10.000000	2892.336990
711	10.000000	20.000000	10.000000	2896.401803
712	10.000000	20.000000	10.000000	2900.468385
713	10.000000	20.000000	10.000000	2904.524554
714	10.000000	20.000000	10.000000	2908.626500
715	10.000000	20.000000	10.000000	2912.681720
716	10.000000	20.000000	10.000000	2916.745215
717	10.000000	20.000000	10.000000	2920.794791
718	10.000000	20.000000	10.000000	2924.852794
719	10.000000	20.000000	10.000000	2928.917892
720	10.000000	20.000000	10.000000	2932.969413
721	10.000000	20.000000	10.000000	2937.006216
722	10.000000	20.000000	10.000000	2941.050014
723	10.000000	20.000000	10.000000	2945.093048
724	10.000000	20.000000	10.000000	2949.147261
725	10.000000	20.000000	10.000000	2953.216756
726	10.000000	20.000000	10.000000	2957.294641
727	10.000000	20.000000	10.000000	2961.380569
728	10.000000	20.000000	10.000000	2965.455265
729	10.000000	20.000000	10.000000	2969.531471
730	10.000000	20.000000	10.000000	2973.604671
731	10.000000	20.000000	10.000000	2977.671751
732	10.000000	20.000000	10.000000	2981.758518
733	10.000000	20.000000	10.000000	2985.817255
734	10.000000	20.000000	10.000000	2990.039497
735	10.000000	20.000000	10.000000	2994.102550
736	10.000000	20.000000	10.000000	2998.177372
737	10.000000	20.000000	10.000000	3002.276477
738	10.000000	20.000000	10.000000	3006.359878
739	10.000000	20.000000	10.000000	3010.426527
740	10.000000	20.000000	10.000000	3014.492547
741	10.000000	20.000000	10.000000	3018.570426
742	10.000000	20.000000	10.000000	3022.643281
743	10.000000	20.000000	10.000000	3026.715014
744	10.000000	20.000000	10.000000	3030.786146
745	10.000000	20.000000	10.000000	3034.845108
746	10.000000	20.000000	10.000000	3038.905810
747	10.000000	20.000000	10.000000	3042.970687
748	10.000000	20.000000	10.000000	3047.063065
749	10.000000	20.000000	10.000000	3051.184029
750	10.000000	20.000000	10.000000	3055.265645
751	10.000000	20.000000	10.000000	3059.317186
752	10.000000	20.000000	10.000000	3063.380971
753	10.000000	20.000000	10.000000	3067.444832
754	10.000000	20.000000	10.000000	3071.497976
755	10.000000	20.000000	10.000000	3075.556792
756	10.000000	20.000000	10.000000	3079.619198
757	10.000000	20.000000	10.000000	3083.681185
758	10.000000	20.000000	10.000000	3087.745606
759	10.000000	20.000000	10.000000	3091.849626
760	10.000000	20.000000	10.000000	3096.083575
761	10.000000	20.000000	10.000000	3100.213158
762	10.000000	20.000000	10.000000	3104.335878
763	10.000000	20.000000	10.000000	3108.393526
764	10.000000	20.000000	10.000000	3112.467408
765	10.000000	20.000000	10.000000	3116.557283
766	10.000000	20.000000	10.000000	3120.681002
767	10.000000	20.000000	10.000000	3124.783267
768	10.000000	20.000000	10.000000	3128.855180
769	10.000000	20.000000	10.000000	3132.909619
770	10.000000	20.000000	10.000000	3137.079884
771	10.000000	20.000000	10.000000	3141.340598
772	10.000000	20.000000	10.000000	3145.416488
773	10.000000	20.000000	10.000000	3149.495242
774	10.000000	20.000000	10.000000	3153.553207
775	10.000000	20.000000	10.000000	3157.607300
776	10.000000	20.000000	10.000000	3161.720787
777	10.000000	20.000000	10.000000	3165.820981
778	10.000000	20.000000	10.000000	3169.869987
779	10.000000	20.000000	10.000000	3173.896499
780	10.000000	20.000000	10.000000	3178.241673
781	10.000000	20.000000	10.000000	3182.475658
782	10.000000	20.000000	10.000000	3186.683225
783	10.000000	20.000000	10.000000	3190.879868
784	10.000000	20.000000	10.000000	3195.110629
785	10.000000	20.000000	10.000000	3199.176118
786	10.000000	20.000000	10.000000	3203.252747
787	10.000000	20.000000	10.000000	3207.395397
788	10.000000	20.000000	10.000000	3211.498978
789	10.000000	20.000000	10.000000	3215.584486
790	10.000000	20.000000	10.000000	3219.685029
791	10.000000	20.000000	10.000000	3223.774738
792	10.000000	20.000000	10.000000	3227.871157
793	10.000000	20.000000	10.000000	3231.975714
794	10.000000	20.000000	10.000000	3236.071266
795	10.000000	20.000000	10.000000	3240.162664
796	10.000000	20.000000	10.000000	3244.249310
797	10.000000	20.000000	10.000000	3248.318658
798	10.000000	20.000000	10.000000	3252.407340
799	10.000000	20.000000	10.000000	3256.482364
800	10.000000	20.000000	10.000000	3260.545380
801	10.000000	20.000000	10.000000	3264.606170
802	10.000000	20.000000	10.000000	3268.687582
803	10.000000	20.000000	10.000000	3272.787820
804	10.000000	20.000000	10.000000	3276.873211
805	10.000000	20.000000	10.000000	3280.976346
806	10.000000	20.000000	10.000000	3285.073425
807	10.000000	20.000000	10.000000	3289.170665
808	10.000000	20.000000	10.000000	3293.250855
809	10.000000	20.000000	10.000000	3297.381314
810	10.000000	20.000000	10.000000	3301.583961
811	10.000000	20.000000	10.000000	3305.649251
812	10.000000	20.000000	10.000000	3309.707185
813	10.000000	20.000000	10.000000	3313.777263
814	10.000000	20.000000	10.000000	3317.847363
815	10.000000	20.000000	10.000000	3321.922410
816	10.000000	20.000000	10.000000	3326.001854
817	10.000000	20.000000	10.000000	3330.073203
818	10.000000	20.000000	10.000000	3334.137628
819	10.000000	20.000000	10.000000	3338.225868
820	10.000000	20.000000	10.000000	3342.309948
821	10.000000	20.000000	10.000000	3346.382047
822	10.000000	20.000000	10.000000	3350.458492
823	10.000000	20.000000	10.000000	3354.529997
824	10.000000	20.000000	10.000000	3358.612790
825	10.000000	20.000000	10.000000	3362.711927
826	10.000000	20.000000	10.000000	3366.813238
827	10.000000	20.000000	10.000000	3370.901965
828	10.000000	20.000000	10.000000	3374.988590
829	10.000000	20.000000	10.000000	3379.066543
830	10.000000	20.000000	10.000000	3383.187964
831	10.000000	20.000000	10.000000	3387.280067
832	10.000000	20.000000	10.000000	3391.356988
833	10.000000	20.000000	10.000000	3395.425984
834	10.000000	20.000000	10.000000	3399.481752
835	10.000000	20.000000	10.000000	3403.538308
836	10.000000	20.000000	10.000000	3407.599468
837	10.000000	20.000000	10.000000	3411.663075
838	10.000000	20.000000	10.000000	3415.727890
839	10.000000	20.000000	10.000000	3419.781495
840	10.000000	20.000000	10.000000	3423.860889
841	10.000000	20.000000	10.000000	3427.901892
842	10.000000	20.000000	10.000000	3431.935772
843	10.000000	20.000000	10.000000	3435.998228
844	10.000000	20.000000	10.000000	3440.082090
845	10.000000	20.000000	10.000000	3444.136863
846	10.000000	20.000000	10.000000	3448.197918
847	10.000000	20.000000	10.000000	3452.261320
848	10.000000	20.000000	10.000000	3456.328739
849	10.000000	20.000000	10.000000	3460.390523
850	10.000000	20.000000	10.000000	3464.487112
851	10.000000	20.000000	10.000000	3468.578616
852	10.000000	20.000000	10.000000	3472.667594
853	10.000000	20.000000	10.000000	3476.802312
854	10.000000	20.000000	10.000000	3480.857180
855	10.000000	20.000000	10.000000	3484.921972
856	10.000000	20.000000	10.000000	3489.130275
857	10.000000	20.000000	10.000000	3493.261048
858	10.000000	20.000000	10.000000	3497.337020
859	10.000000	20.000000	10.000000	3501.366512
860	10.000000	20.000000	10.000000	3505.408058
861	10.000000	20.000000	10.000000	3509.466840
862	10.000000	20.000000	10.000000	3513.519999
863	10.000000	20.000000	10.000000	3517.574903
864	10.000000	20.000000	10.000000	3521.663714
865	10.000000	20.000000	10.000000	3525.776676
866	10.000000	20.000000	10.000000	3529.846370
867	10.000000	20.000000	10.000000	3533.896394
868	10.000000	20.000000	10.000000	3537.947669
869	10.000000	20.000000	10.000000	3542.003376
870	10.000000	20.000000	10.000000	3546.077204
871	10.000000	20.000000	10.000000	3550.131607
872	10.000000	20.000000	10.000000	3554.186456
873	10.000000	20.000000	10.000000	3558.299576
874	10.000000	20.000000	10.000000	3562.384104
875	10.000000	20.000000	10.000000	3566.440285
876	10.000000	20.000000	10.000000	3570.512451
877	10.000000	20.000000	10.000000	3574.582386
878	10.000000	20.000000	10.000000	3578.657289
879	10.000000	20.000000	10.000000	3582.727481
880	10.000000	20.000000	10.000000	3586.805074
881	10.000000	20.000000	10.000000	3590.880819
882	10.000000	20.000000	10.000000	3594.952547
883	10.000000	20.000000	10.000000	3599.044284
884	10.000000	20.000000	10.000000	3603.119973

10.000000	3603.120424
Agent policy:
  Deterministic policy v35_a2 --> 1.0
Nature policy:
  Environment 0, State 1 --> 0.0
  Environment 0, State 2 --> 0.0
  Environment 0, State 3 --> 1.0