0	10.000000	20.000000	10.000000	183.990100
5	10.000000	20.000000	10.000000	897.580937
6	10.000000	20.000000	10.000000	1150.446540
7	10.000000	20.000000	10.000000	1403.934644
8	10.000000	20.000000	10.000000	1657.256460
9	10.000000	20.000000	10.000000	1910.610590
10	10.000000	20.000000	10.000000	2164.022641
11	10.000000	20.000000	10.000000	2417.434244
12	10.000000	20.000000	10.000000	2670.531872
13	10.000000	20.000000	10.000000	2924.346702
14	10.000000	20.000000	10.000000	3177.309386
15	10.000000	20.000000	10.000000	3430.561436
16	10.000000	20.000000	10.000000	3683.260322

10.000000	3683.260736
Agent policy:
  Deterministic policy v43_a2 --> 1.0
Nature policy:
  Environment 0, State 26 --> 0.0
  Environment 0, State 27 --> 0.0
  Environment 0, State 28 --> 0.0
  Environment 0, State 29 --> 0.0
  Environment 0, State 30 --> 1.0