0	10.000000	20.000000	10.000000	7.499522
7	10.000000	20.000000	10.000000	54.763420
8	10.000000	20.000000	10.000000	75.564190
9	10.000000	20.000000	10.000000	96.352263
10	10.000000	20.000000	10.000000	117.187710
11	10.000000	20.000000	10.000000	138.085942
12	10.000000	20.000000	10.000000	158.909019
13	10.000000	20.000000	10.000000	179.956668
14	10.000000	20.000000	10.000000	201.208855
15	10.000000	20.000000	10.000000	222.085490
16	10.000000	20.000000	10.000000	242.922225
17	10.000000	20.000000	10.000000	263.687657
18	10.000000	20.000000	10.000000	284.519441
19	10.000000	20.000000	10.000000	305.263146
20	10.000000	20.000000	10.000000	325.902903
21	10.000000	20.000000	10.000000	346.693665
22	10.000000	20.000000	10.000000	367.550321
23	10.000000	20.000000	10.000000	388.244383
24	10.000000	20.000000	10.000000	409.166614
25	10.000000	20.000000	10.000000	429.902072
26	10.000000	20.000000	10.000000	450.749594
27	10.000000	20.000000	10.000000	471.631937
28	10.000000	20.000000	10.000000	492.903486
29	10.000000	20.000000	10.000000	513.715851
30	10.000000	20.000000	10.000000	534.680853
31	10.000000	20.000000	10.000000	555.486442
32	10.000000	20.000000	10.000000	576.252083
33	10.000000	20.000000	10.000000	597.031214
34	10.000000	20.000000	10.000000	617.946289
35	10.000000	20.000000	10.000000	638.859331
36	10.000000	20.000000	10.000000	659.672615
37	10.000000	20.000000	10.000000	680.378288
38	10.000000	20.000000	10.000000	701.215057
39	10.000000	20.000000	10.000000	721.964489
40	10.000000	20.000000	10.000000	742.848174
41	10.000000	20.000000	10.000000	763.617941
42	10.000000	20.000000	10.000000	784.456894
43	10.000000	20.000000	10.000000	805.534988
44	10.000000	20.000000	10.000000	826.207791
45	10.000000	20.000000	10.000000	847.036325
46	10.000000	20.000000	10.000000	867.855718
47	10.000000	20.000000	10.000000	888.696187
48	10.000000	20.000000	10.000000	909.428583
49	10.000000	20.000000	10.000000	930.204478
50	10.000000	20.000000	10.000000	950.994184
51	10.000000	20.000000	10.000000	971.822933
52	10.000000	20.000000	10.000000	992.540261
53	10.000000	20.000000	10.000000	1013.316539
54	10.000000	20.000000	10.000000	1034.181518
55	10.000000	20.000000	10.000000	1054.903982
56	10.000000	20.000000	10.000000	1075.614339
57	10.000000	20.000000	10.000000	1096.237905
58	10.000000	20.000000	10.000000	1116.962941
59	10.000000	20.000000	10.000000	1137.757888
60	10.000000	20.000000	10.000000	1158.587061
61	10.000000	20.000000	10.000000	1179.418890
62	10.000000	20.000000	10.000000	1200.141805
63	10.000000	20.000000	10.000000	1220.991287
64	10.000000	20.000000	10.000000	1241.777585
65	10.000000	20.000000	10.000000	1262.485841
66	10.000000	20.000000	10.000000	1283.278746
67	10.000000	20.000000	10.000000	1304.013397
68	10.000000	20.000000	10.000000	1324.865787
69	10.000000	20.000000	10.000000	1345.529085
70	10.000000	20.000000	10.000000	1366.189238
71	10.000000	20.000000	10.000000	1386.859090
72	10.000000	20.000000	10.000000	1407.574984
73	10.000000	20.000000	10.000000	1428.253882
74	10.000000	20.000000	10.000000	1448.955673
75	10.000000	20.000000	10.000000	1469.663031
76	10.000000	20.000000	10.000000	1490.398531
77	10.000000	20.000000	10.000000	1511.194975
78	10.000000	20.000000	10.000000	1531.941864
79	10.000000	20.000000	10.000000	1552.737585
80	10.000000	20.000000	10.000000	1573.599856
81	10.000000	20.000000	10.000000	1594.448275
82	10.000000	20.000000	10.000000	1615.163268
83	10.000000	20.000000	10.000000	1635.803233
84	10.000000	20.000000	10.000000	1656.489765
85	10.000000	20.000000	10.000000	1677.151251
86	10.000000	20.000000	10.000000	1697.891076
87	10.000000	20.000000	10.000000	1718.568372
88	10.000000	20.000000	10.000000	1739.237149
89	10.000000	20.000000	10.000000	1759.990776
90	10.000000	20.000000	10.000000	1780.718088
91	10.000000	20.000000	10.000000	1801.634989
92	10.000000	20.000000	10.000000	1822.457906
93	10.000000	20.000000	10.000000	1843.358513
94	10.000000	20.000000	10.000000	1864.234222
95	10.000000	20.000000	10.000000	1885.038543
96	10.000000	20.000000	10.000000	1905.923519
97	10.000000	20.000000	10.000000	1926.655773
98	10.000000	20.000000	10.000000	1947.342423
99	10.000000	20.000000	10.000000	1968.156738
100	10.000000	20.000000	10.000000	1988.858335
101	10.000000	20.000000	10.000000	2009.604680
102	10.000000	20.000000	10.000000	2030.422256
103	10.000000	20.000000	10.000000	2051.225524
104	10.000000	20.000000	10.000000	2072.008584
105	10.000000	20.000000	10.000000	2092.727064
106	10.000000	20.000000	10.000000	2113.539868
107	10.000000	20.000000	10.000000	2134.324232
108	10.000000	20.000000	10.000000	2155.042144
109	10.000000	20.000000	10.000000	2175.798529
110	10.000000	20.000000	10.000000	2196.463726
111	10.000000	20.000000	10.000000	2217.112689
112	10.000000	20.000000	10.000000	2237.789726
113	10.000000	20.000000	10.000000	2258.454774
114	10.000000	20.000000	10.000000	2279.091192
115	10.000000	20.000000	10.000000	2299.763459
116	10.000000	20.000000	10.000000	2320.566526
117	10.000000	20.000000	10.000000	2341.297950
118	10.000000	20.000000	10.000000	2362.027250
119	10.000000	20.000000	10.000000	2382.771388
120	10.000000	20.000000	10.000000	2403.454542
121	10.000000	20.000000	10.000000	2424.635287
122	10.000000	20.000000	10.000000	2445.395225
123	10.000000	20.000000	10.000000	2466.106616
124	10.000000	20.000000	10.000000	2486.775090
125	10.000000	20.000000	10.000000	2507.383096
126	10.000000	20.000000	10.000000	2528.005083
127	10.000000	20.000000	10.000000	2548.586547
128	10.000000	20.000000	10.000000	2569.174786
129	10.000000	20.000000	10.000000	2589.857492
130	10.000000	20.000000	10.000000	2610.516514
131	10.000000	20.000000	10.000000	2631.294392
132	10.000000	20.000000	10.000000	2652.000530
133	10.000000	20.000000	10.000000	2672.653942
134	10.000000	20.000000	10.000000	2693.287015
135	10.000000	20.000000	10.000000	2714.021874
136	10.000000	20.000000	10.000000	2734.769046
137	10.000000	20.000000	10.000000	2755.413799
138	10.000000	20.000000	10.000000	2776.114352
139	10.000000	20.000000	10.000000	2796.790408
140	10.000000	20.000000	10.000000	2817.438083
141	10.000000	20.000000	10.000000	2838.045331
142	10.000000	20.000000	10.000000	2858.688414
143	10.000000	20.000000	10.000000	2879.305506
144	10.000000	20.000000	10.000000	2899.931700
145	10.000000	20.000000	10.000000	2920.542264
146	10.000000	20.000000	10.000000	2941.145364
147	10.000000	20.000000	10.000000	2961.840079
148	10.000000	20.000000	10.000000	2982.393846
149	10.000000	20.000000	10.000000	3003.067026
150	10.000000	20.000000	10.000000	3023.711153
151	10.000000	20.000000	10.000000	3044.333478
152	10.000000	20.000000	10.000000	3064.841918
153	10.000000	20.000000	10.000000	3085.450933
154	10.000000	20.000000	10.000000	3106.047588
155	10.000000	20.000000	10.000000	3126.629163
156	10.000000	20.000000	10.000000	3147.254134
157	10.000000	20.000000	10.000000	3167.814415
158	10.000000	20.000000	10.000000	3188.459987
159	10.000000	20.000000	10.000000	3209.150551
160	10.000000	20.000000	10.000000	3229.761657
161	10.000000	20.000000	10.000000	3250.389429
162	10.000000	20.000000	10.000000	3271.084158
163	10.000000	20.000000	10.000000	3291.742187
164	10.000000	20.000000	10.000000	3312.356921
165	10.000000	20.000000	10.000000	3332.955517
166	10.000000	20.000000	10.000000	3353.532368
167	10.000000	20.000000	10.000000	3374.045793
168	10.000000	20.000000	10.000000	3395.098553
169	10.000000	20.000000	10.000000	3415.769235
170	10.000000	20.000000	10.000000	3436.392765
171	10.000000	20.000000	10.000000	3457.098457
172	10.000000	20.000000	10.000000	3477.774257
173	10.000000	20.000000	10.000000	3498.400350
174	10.000000	20.000000	10.000000	3519.019359
175	10.000000	20.000000	10.000000	3539.755096
176	10.000000	20.000000	10.000000	3560.341597
177	10.000000	20.000000	10.000000	3581.074505
178	10.000000	20.000000	10.000000	3601.698827

10.000000	3601.699262
Agent policy:
  Deterministic policy v57_a2 --> 1.0
Nature policy:
  Environment 0, State 1 --> 0.0
  Environment 0, State 2 --> 0.0
  Environment 0, State 3 --> 0.0
  Environment 0, State 4 --> 1.0