0	0.000000	10.000000	10.000000	63.845817
3	0.000000	10.000000	10.000000	338.309846
4	0.000000	10.000000	10.000000	516.155100
5	0.000000	10.000000	10.000000	875.033781
6	0.000000	10.000000	10.000000	1233.400988
7	0.000000	10.000000	10.000000	1592.717786
8	0.000000	10.000000	10.000000	1952.457773
9	0.000000	10.000000	10.000000	2313.118780
10	0.000000	10.000000	10.000000	2674.215147
11	0.000000	10.000000	10.000000	3035.096132
12	0.000000	10.000000	10.000000	3396.579682
13	0.000000	10.000000	10.000000	3761.299626

0.000000	3761.300704
Agent policy:
  Deterministic policy v23_a2 --> 1.0
Nature policy:
  Environment 0, State 16 --> 0.0
  Environment 0, State 17 --> 0.0
  Environment 0, State 18 --> 0.0
  Environment 0, State 19 --> 0.5
  Environment 0, State 20 --> 0.0
  Environment 0, State 21 --> 0.0
  Environment 0, State 22 --> 0.0
  Environment 0, State 23 --> 0.5
  Environment 0, State 24 --> 0.0
  Environment 0, State 25 --> 0.0