0	0.000000	10.000000	10.000000	25.506229
3	0.000000	10.000000	10.000000	134.123549
4	0.000000	10.000000	10.000000	204.445856
5	0.000000	10.000000	10.000000	273.947468
6	0.000000	10.000000	10.000000	343.732061
7	0.000000	10.000000	10.000000	413.974574
8	0.000000	10.000000	10.000000	484.124448
9	0.000000	10.000000	10.000000	554.486618
10	0.000000	10.000000	10.000000	625.148050
11	0.000000	10.000000	10.000000	695.901284
12	0.000000	10.000000	10.000000	767.194717
13	0.000000	10.000000	10.000000	838.595197
14	0.000000	10.000000	10.000000	910.082177
15	0.000000	10.000000	10.000000	981.693873
16	0.000000	10.000000	10.000000	1052.202004
17	0.000000	10.000000	10.000000	1124.258300
18	0.000000	10.000000	10.000000	1195.695369
19	0.000000	10.000000	10.000000	1268.582337
20	0.000000	10.000000	10.000000	1340.540887
21	0.000000	10.000000	10.000000	1414.015535
22	0.000000	10.000000	10.000000	1486.144445
23	0.000000	10.000000	10.000000	1560.721995
24	0.000000	10.000000	10.000000	1634.010930
25	0.000000	10.000000	10.000000	1709.979586
26	0.000000	10.000000	10.000000	1783.215096
27	0.000000	10.000000	10.000000	1856.501569
28	0.000000	10.000000	10.000000	1933.977051
29	0.000000	10.000000	10.000000	2007.541493
30	0.000000	10.000000	10.000000	2081.286342
31	0.000000	10.000000	10.000000	2159.048696
32	0.000000	10.000000	10.000000	2233.130512
33	0.000000	10.000000	10.000000	2307.190510
34	0.000000	10.000000	10.000000	2386.193765
35	0.000000	10.000000	10.000000	2459.222482
36	0.000000	10.000000	10.000000	2532.272464
37	0.000000	10.000000	10.000000	2613.370773
38	0.000000	10.000000	10.000000	2687.264388
39	0.000000	10.000000	10.000000	2761.017372
40	0.000000	10.000000	10.000000	2834.600736
41	0.000000	10.000000	10.000000	2915.861265
42	0.000000	10.000000	10.000000	2989.394869
43	0.000000	10.000000	10.000000	3064.772016
44	0.000000	10.000000	10.000000	3140.228590
45	0.000000	10.000000	10.000000	3224.526419
46	0.000000	10.000000	10.000000	3298.343054
47	0.000000	10.000000	10.000000	3371.764927
48	0.000000	10.000000	10.000000	3445.792772
49	0.000000	10.000000	10.000000	3519.711168
50	0.000000	10.000000	10.000000	3607.664312

0.000000	3607.665386
Agent policy:
  Deterministic policy v23_a2 --> 1.0
Nature policy:
  Environment 0, State 6 --> 0.0
  Environment 0, State 7 --> 0.5
  Environment 0, State 8 --> 0.0
  Environment 0, State 9 --> 0.0
  Environment 0, State 10 --> 0.0
  Environment 0, State 11 --> 0.0
  Environment 0, State 12 --> 0.5
  Environment 0, State 13 --> 0.0
  Environment 0, State 14 --> 0.0
  Environment 0, State 15 --> 0.0