0	10.000000	30.000000	20.000000	61.439948
6	10.000000	20.000000	10.000000	455.943875
7	10.000000	20.000000	10.000000	592.997413
8	10.000000	20.000000	10.000000	801.425604
9	10.000000	20.000000	10.000000	871.340549
10	10.000000	20.000000	10.000000	1148.937845
11	10.000000	20.000000	10.000000	1425.378819
12	10.000000	20.000000	10.000000	1702.936000
13	10.000000	20.000000	10.000000	1980.378708
14	10.000000	20.000000	10.000000	2259.895776
15	10.000000	20.000000	10.000000	2540.698610
16	10.000000	20.000000	10.000000	2821.139058
17	10.000000	20.000000	10.000000	3102.869759
18	10.000000	20.000000	10.000000	3385.047032
19	10.000000	20.000000	10.000000	3665.136735

10.000000	3665.138109
Agent policy:
  Deterministic policy v68_a2 --> 1.0
Nature policy:
  Environment 0, State 6 --> 0.0
  Environment 0, State 7 --> 0.0
  Environment 0, State 8 --> 0.5
  Environment 0, State 9 --> 0.0
  Environment 0, State 10 --> 0.5
  Environment 0, State 11 --> 0.0
  Environment 0, State 12 --> 0.0
  Environment 0, State 13 --> 0.0
  Environment 0, State 14 --> 0.0
  Environment 0, State 15 --> 0.0