64, [s0,s1,s2,s3,s4,s5,s6,s7,s8,s9,s10,s11,s12,s13,s14,s15,s16,s17,s18,s19,s20,s21,s22,s23,s24,s25,s26,s27,s28,s29,s30,s31,s32,s33,s34,s35,s36,s37,s38,s39,s40,s41,s42,s43,s44,s45,s46,s47,s48,s49,s50,s51,s52,s53,s54,s55,s56,s57,s58,s59,s60,s61,s62,s63]
1, [e1]
4, [a0,a1,a2,a3]
22, [o0,o1,o2,o3,o4,o5,o6,o7,o8,o9,o10,o11,o12,o13,o14,o15,o16,o17,o18,o19,o20,o21]

0, []

# Transition function (s,a,s -> p)
0,0,0 -> 1.0000000
0,1,0 -> 1.0000000
0,2,0 -> 1.0000000
0,3,0 -> 1.0000000
1,0,1 -> 1.0000000
1,1,1 -> 1.0000000
1,2,1 -> 1.0000000
1,3,1 -> 1.0000000
2,0,2 -> 1.0000000
2,1,2 -> 1.0000000
2,2,2 -> 1.0000000
2,3,2 -> 1.0000000
3,0,3 -> 1.0000000
3,1,3 -> 1.0000000
3,2,3 -> 1.0000000
3,3,3 -> 1.0000000
4,0,0 -> 1.0000000
4,1,0 -> 1.0000000
4,2,0 -> 1.0000000
4,3,3 -> 1.0000000
5,0,4 -> 0.8000000
5,0,5 -> 0.2000000
5,1,4 -> 0.8000000
5,1,5 -> 0.2000000
5,2,4 -> 0.8000000
5,2,5 -> 0.2000000
5,3,3 -> 0.9551887
5,3,4 -> 0.0358491
5,3,5 -> 0.0089623
6,0,5 -> 0.8000000
6,0,6 -> 0.2000000
6,1,5 -> 0.8000000
6,1,6 -> 0.2000000
6,2,5 -> 0.8000000
6,2,6 -> 0.2000000
6,3,3 -> 0.8988764
6,3,5 -> 0.0808989
6,3,6 -> 0.0202247
7,0,6 -> 0.8000000
7,0,7 -> 0.2000000
7,1,6 -> 0.8000000
7,1,7 -> 0.2000000
7,2,6 -> 0.8000000
7,2,7 -> 0.2000000
7,3,3 -> 0.8277027
7,3,6 -> 0.1378378
7,3,7 -> 0.0344595
8,0,7 -> 0.8000000
8,0,8 -> 0.2000000
8,1,7 -> 0.8000000
8,1,8 -> 0.2000000
8,2,7 -> 0.8000000
8,2,8 -> 0.2000000
8,3,3 -> 0.7377049
8,3,7 -> 0.2098361
8,3,8 -> 0.0524590
9,0,8 -> 0.8000000
9,0,9 -> 0.2000000
9,1,8 -> 0.8000000
9,1,9 -> 0.2000000
9,2,8 -> 0.8000000
9,2,9 -> 0.2000000
9,3,3 -> 0.6250000
9,3,8 -> 0.3000000
9,3,9 -> 0.0750000
10,0,9 -> 0.8000000
10,0,10 -> 0.2000000
10,1,9 -> 0.8000000
10,1,10 -> 0.2000000
10,2,9 -> 0.8000000
10,2,10 -> 0.2000000
10,3,3 -> 0.4878049
10,3,9 -> 0.4097561
10,3,10 -> 0.1024390
11,0,10 -> 0.8000000
11,0,11 -> 0.2000000
11,1,10 -> 0.8000000
11,1,11 -> 0.2000000
11,2,10 -> 0.8000000
11,2,11 -> 0.2000000
11,3,3 -> 0.3308824
11,3,10 -> 0.5352941
11,3,11 -> 0.1338235
12,0,11 -> 0.8000000
12,0,12 -> 0.2000000
12,1,11 -> 0.8000000
12,1,12 -> 0.2000000
12,2,11 -> 0.8000000
12,2,12 -> 0.2000000
12,3,3 -> 0.1724138
12,3,11 -> 0.6620690
12,3,12 -> 0.1655172
13,0,12 -> 0.8000000
13,0,13 -> 0.2000000
13,1,12 -> 0.8000000
13,1,13 -> 0.2000000
13,2,12 -> 0.8000000
13,2,13 -> 0.2000000
13,3,3 -> 0.0480769
13,3,12 -> 0.7615385
13,3,13 -> 0.1903846
14,0,0 -> 0.7500000
14,0,1 -> 0.2500000
14,1,0 -> 0.7500000
14,1,1 -> 0.2500000
14,2,0 -> 0.7500000
14,2,1 -> 0.2500000
14,3,2 -> 1.0000000
15,0,0 -> 0.6500000
15,0,1 -> 0.3500000
15,1,0 -> 0.6500000
15,1,1 -> 0.3500000
15,2,0 -> 0.6500000
15,2,1 -> 0.3500000
15,3,2 -> 1.0000000
16,0,0 -> 0.5500000
16,0,1 -> 0.4500000
16,1,0 -> 0.5500000
16,1,1 -> 0.4500000
16,2,0 -> 0.5500000
16,2,1 -> 0.4500000
16,3,2 -> 1.0000000
17,0,0 -> 0.4500000
17,0,1 -> 0.5500000
17,1,0 -> 0.4500000
17,1,1 -> 0.5500000
17,2,0 -> 0.4500000
17,2,1 -> 0.5500000
17,3,2 -> 1.0000000
18,0,0 -> 0.3500000
18,0,1 -> 0.6500000
18,1,0 -> 0.3500000
18,1,1 -> 0.6500000
18,2,0 -> 0.3500000
18,2,1 -> 0.6500000
18,3,2 -> 1.0000000
19,0,14 -> 0.0400000
19,0,15 -> 0.7600000
19,0,19 -> 0.0100000
19,0,20 -> 0.1900000
19,1,14 -> 0.7200000
19,1,15 -> 0.0800000
19,1,19 -> 0.1800000
19,1,20 -> 0.0200000
19,2,14 -> 0.8000000
19,2,19 -> 0.2000000
19,3,2 -> 0.8100000
19,3,14 -> 0.0304000
19,3,15 -> 0.1216000
19,3,19 -> 0.0076000
19,3,20 -> 0.0304000
20,0,15 -> 0.0400000
20,0,16 -> 0.7600000
20,0,20 -> 0.0100000
20,0,21 -> 0.1900000
20,1,15 -> 0.7200000
20,1,16 -> 0.0800000
20,1,20 -> 0.1800000
20,1,21 -> 0.0200000
20,2,14 -> 0.2105263
20,2,15 -> 0.6315789
20,2,20 -> 0.1578947
20,3,2 -> 0.8100000
20,3,15 -> 0.0304000
20,3,16 -> 0.1216000
20,3,20 -> 0.0076000
20,3,21 -> 0.0304000
21,0,16 -> 0.0400000
21,0,17 -> 0.7600000
21,0,21 -> 0.0100000
21,0,22 -> 0.1900000
21,1,16 -> 0.7200000
21,1,17 -> 0.0800000
21,1,21 -> 0.1800000
21,1,22 -> 0.0200000
21,2,15 -> 0.2105263
21,2,16 -> 0.6315789
21,2,21 -> 0.1578947
21,3,2 -> 0.8100000
21,3,16 -> 0.0304000
21,3,17 -> 0.1216000
21,3,21 -> 0.0076000
21,3,22 -> 0.0304000
22,0,17 -> 0.0400000
22,0,18 -> 0.7600000
22,0,22 -> 0.0100000
22,0,23 -> 0.1900000
22,1,17 -> 0.7200000
22,1,18 -> 0.0800000
22,1,22 -> 0.1800000
22,1,23 -> 0.0200000
22,2,16 -> 0.2105263
22,2,17 -> 0.6315789
22,2,22 -> 0.1578947
22,3,2 -> 0.8100000
22,3,17 -> 0.0304000
22,3,18 -> 0.1216000
22,3,22 -> 0.0076000
22,3,23 -> 0.0304000
23,0,18 -> 0.8000000
23,0,23 -> 0.2000000
23,1,18 -> 0.8000000
23,1,23 -> 0.2000000
23,2,17 -> 0.2105263
23,2,18 -> 0.6315789
23,2,23 -> 0.1578947
23,3,2 -> 0.8100000
23,3,18 -> 0.1520000
23,3,23 -> 0.0380000
24,0,19 -> 0.0400000
24,0,20 -> 0.7600000
24,0,24 -> 0.0100000
24,0,25 -> 0.1900000
24,1,19 -> 0.7200000
24,1,20 -> 0.0800000
24,1,24 -> 0.1800000
24,1,25 -> 0.0200000
24,2,19 -> 0.8000000
24,2,24 -> 0.2000000
24,3,2 -> 0.6400000
24,3,19 -> 0.0576000
24,3,20 -> 0.2304000
24,3,24 -> 0.0144000
24,3,25 -> 0.0576000
25,0,20 -> 0.0400000
25,0,21 -> 0.7600000
25,0,25 -> 0.0100000
25,0,26 -> 0.1900000
25,1,20 -> 0.7200000
25,1,21 -> 0.0800000
25,1,25 -> 0.1800000
25,1,26 -> 0.0200000
25,2,20 -> 0.8000000
25,2,25 -> 0.2000000
25,3,2 -> 0.6400000
25,3,20 -> 0.0576000
25,3,21 -> 0.2304000
25,3,25 -> 0.0144000
25,3,26 -> 0.0576000
26,0,21 -> 0.0400000
26,0,22 -> 0.7600000
26,0,26 -> 0.0100000
26,0,27 -> 0.1900000
26,1,21 -> 0.7200000
26,1,22 -> 0.0800000
26,1,26 -> 0.1800000
26,1,27 -> 0.0200000
26,2,21 -> 0.8000000
26,2,26 -> 0.2000000
26,3,2 -> 0.6400000
26,3,21 -> 0.0576000
26,3,22 -> 0.2304000
26,3,26 -> 0.0144000
26,3,27 -> 0.0576000
27,0,22 -> 0.0400000
27,0,23 -> 0.7600000
27,0,27 -> 0.0100000
27,0,28 -> 0.1900000
27,1,22 -> 0.7200000
27,1,23 -> 0.0800000
27,1,27 -> 0.1800000
27,1,28 -> 0.0200000
27,2,22 -> 0.8000000
27,2,27 -> 0.2000000
27,3,2 -> 0.6400000
27,3,22 -> 0.0576000
27,3,23 -> 0.2304000
27,3,27 -> 0.0144000
27,3,28 -> 0.0576000
28,0,23 -> 0.8000000
28,0,28 -> 0.2000000
28,1,23 -> 0.8000000
28,1,28 -> 0.2000000
28,2,23 -> 0.8000000
28,2,28 -> 0.2000000
28,3,2 -> 0.6400000
28,3,23 -> 0.2880000
28,3,28 -> 0.0720000
29,0,24 -> 0.0400000
29,0,25 -> 0.7600000
29,0,29 -> 0.0100000
29,0,30 -> 0.1900000
29,1,24 -> 0.7200000
29,1,25 -> 0.0800000
29,1,29 -> 0.1800000
29,1,30 -> 0.0200000
29,2,24 -> 0.8000000
29,2,29 -> 0.2000000
29,3,2 -> 0.4900000
29,3,24 -> 0.0816000
29,3,25 -> 0.3264000
29,3,29 -> 0.0204000
29,3,30 -> 0.0816000
30,0,25 -> 0.0400000
30,0,26 -> 0.7600000
30,0,30 -> 0.0100000
30,0,31 -> 0.1900000
30,1,25 -> 0.7200000
30,1,26 -> 0.0800000
30,1,30 -> 0.1800000
30,1,31 -> 0.0200000
30,2,25 -> 0.8000000
30,2,30 -> 0.2000000
30,3,2 -> 0.4900000
30,3,25 -> 0.0816000
30,3,26 -> 0.3264000
30,3,30 -> 0.0204000
30,3,31 -> 0.0816000
31,0,26 -> 0.0400000
31,0,27 -> 0.7600000
31,0,31 -> 0.0100000
31,0,32 -> 0.1900000
31,1,26 -> 0.7200000
31,1,27 -> 0.0800000
31,1,31 -> 0.1800000
31,1,32 -> 0.0200000
31,2,26 -> 0.8000000
31,2,31 -> 0.2000000
31,3,2 -> 0.4900000
31,3,26 -> 0.0816000
31,3,27 -> 0.3264000
31,3,31 -> 0.0204000
31,3,32 -> 0.0816000
32,0,27 -> 0.0400000
32,0,28 -> 0.7600000
32,0,32 -> 0.0100000
32,0,33 -> 0.1900000
32,1,27 -> 0.7200000
32,1,28 -> 0.0800000
32,1,32 -> 0.1800000
32,1,33 -> 0.0200000
32,2,27 -> 0.8000000
32,2,32 -> 0.2000000
32,3,2 -> 0.4900000
32,3,27 -> 0.0816000
32,3,28 -> 0.3264000
32,3,32 -> 0.0204000
32,3,33 -> 0.0816000
33,0,28 -> 0.8000000
33,0,33 -> 0.2000000
33,1,28 -> 0.8000000
33,1,33 -> 0.2000000
33,2,28 -> 0.8000000
33,2,33 -> 0.2000000
33,3,2 -> 0.4900000
33,3,28 -> 0.4080000
33,3,33 -> 0.1020000
34,0,29 -> 0.0400000
34,0,30 -> 0.7600000
34,0,34 -> 0.0100000
34,0,35 -> 0.1900000
34,1,29 -> 0.7200000
34,1,30 -> 0.0800000
34,1,34 -> 0.1800000
34,1,35 -> 0.0200000
34,2,29 -> 0.8000000
34,2,34 -> 0.2000000
34,3,2 -> 0.3600000
34,3,29 -> 0.1024000
34,3,30 -> 0.4096000
34,3,34 -> 0.0256000
34,3,35 -> 0.1024000
35,0,30 -> 0.0400000
35,0,31 -> 0.7600000
35,0,35 -> 0.0100000
35,0,36 -> 0.1900000
35,1,30 -> 0.7200000
35,1,31 -> 0.0800000
35,1,35 -> 0.1800000
35,1,36 -> 0.0200000
35,2,30 -> 0.8000000
35,2,35 -> 0.2000000
35,3,2 -> 0.3600000
35,3,30 -> 0.1024000
35,3,31 -> 0.4096000
35,3,35 -> 0.0256000
35,3,36 -> 0.1024000
36,0,31 -> 0.0400000
36,0,32 -> 0.7600000
36,0,36 -> 0.0100000
36,0,37 -> 0.1900000
36,1,31 -> 0.7200000
36,1,32 -> 0.0800000
36,1,36 -> 0.1800000
36,1,37 -> 0.0200000
36,2,31 -> 0.8000000
36,2,36 -> 0.2000000
36,3,2 -> 0.3600000
36,3,31 -> 0.1024000
36,3,32 -> 0.4096000
36,3,36 -> 0.0256000
36,3,37 -> 0.1024000
37,0,32 -> 0.0400000
37,0,33 -> 0.7600000
37,0,37 -> 0.0100000
37,0,38 -> 0.1900000
37,1,32 -> 0.7200000
37,1,33 -> 0.0800000
37,1,37 -> 0.1800000
37,1,38 -> 0.0200000
37,2,32 -> 0.8000000
37,2,37 -> 0.2000000
37,3,2 -> 0.3600000
37,3,32 -> 0.1024000
37,3,33 -> 0.4096000
37,3,37 -> 0.0256000
37,3,38 -> 0.1024000
38,0,33 -> 0.8000000
38,0,38 -> 0.2000000
38,1,33 -> 0.8000000
38,1,38 -> 0.2000000
38,2,33 -> 0.8000000
38,2,38 -> 0.2000000
38,3,2 -> 0.3600000
38,3,33 -> 0.5120000
38,3,38 -> 0.1280000
39,0,34 -> 0.0400000
39,0,35 -> 0.7600000
39,0,39 -> 0.0100000
39,0,40 -> 0.1900000
39,1,34 -> 0.7200000
39,1,35 -> 0.0800000
39,1,39 -> 0.1800000
39,1,40 -> 0.0200000
39,2,34 -> 0.8000000
39,2,39 -> 0.2000000
39,3,2 -> 0.2500000
39,3,34 -> 0.1200000
39,3,35 -> 0.4800000
39,3,39 -> 0.0300000
39,3,40 -> 0.1200000
40,0,35 -> 0.0400000
40,0,36 -> 0.7600000
40,0,40 -> 0.0100000
40,0,41 -> 0.1900000
40,1,35 -> 0.7200000
40,1,36 -> 0.0800000
40,1,40 -> 0.1800000
40,1,41 -> 0.0200000
40,2,35 -> 0.8000000
40,2,40 -> 0.2000000
40,3,2 -> 0.2500000
40,3,35 -> 0.1200000
40,3,36 -> 0.4800000
40,3,40 -> 0.0300000
40,3,41 -> 0.1200000
41,0,36 -> 0.0400000
41,0,37 -> 0.7600000
41,0,41 -> 0.0100000
41,0,42 -> 0.1900000
41,1,36 -> 0.7200000
41,1,37 -> 0.0800000
41,1,41 -> 0.1800000
41,1,42 -> 0.0200000
41,2,36 -> 0.8000000
41,2,41 -> 0.2000000
41,3,2 -> 0.2500000
41,3,36 -> 0.1200000
41,3,37 -> 0.4800000
41,3,41 -> 0.0300000
41,3,42 -> 0.1200000
42,0,37 -> 0.0400000
42,0,38 -> 0.7600000
42,0,42 -> 0.0100000
42,0,43 -> 0.1900000
42,1,37 -> 0.7200000
42,1,38 -> 0.0800000
42,1,42 -> 0.1800000
42,1,43 -> 0.0200000
42,2,37 -> 0.8000000
42,2,42 -> 0.2000000
42,3,2 -> 0.2500000
42,3,37 -> 0.1200000
42,3,38 -> 0.4800000
42,3,42 -> 0.0300000
42,3,43 -> 0.1200000
43,0,38 -> 0.8000000
43,0,43 -> 0.2000000
43,1,38 -> 0.8000000
43,1,43 -> 0.2000000
43,2,38 -> 0.8000000
43,2,43 -> 0.2000000
43,3,2 -> 0.2500000
43,3,38 -> 0.6000000
43,3,43 -> 0.1500000
44,0,39 -> 0.0400000
44,0,40 -> 0.7600000
44,0,44 -> 0.0100000
44,0,45 -> 0.1900000
44,1,39 -> 0.7200000
44,1,40 -> 0.0800000
44,1,44 -> 0.1800000
44,1,45 -> 0.0200000
44,2,39 -> 0.8000000
44,2,44 -> 0.2000000
44,3,2 -> 0.1600000
44,3,39 -> 0.1344000
44,3,40 -> 0.5376000
44,3,44 -> 0.0336000
44,3,45 -> 0.1344000
45,0,40 -> 0.0400000
45,0,41 -> 0.7600000
45,0,45 -> 0.0100000
45,0,46 -> 0.1900000
45,1,40 -> 0.7200000
45,1,41 -> 0.0800000
45,1,45 -> 0.1800000
45,1,46 -> 0.0200000
45,2,40 -> 0.8000000
45,2,45 -> 0.2000000
45,3,2 -> 0.1600000
45,3,40 -> 0.1344000
45,3,41 -> 0.5376000
45,3,45 -> 0.0336000
45,3,46 -> 0.1344000
46,0,41 -> 0.0400000
46,0,42 -> 0.7600000
46,0,46 -> 0.0100000
46,0,47 -> 0.1900000
46,1,41 -> 0.7200000
46,1,42 -> 0.0800000
46,1,46 -> 0.1800000
46,1,47 -> 0.0200000
46,2,41 -> 0.8000000
46,2,46 -> 0.2000000
46,3,2 -> 0.1600000
46,3,41 -> 0.1344000
46,3,42 -> 0.5376000
46,3,46 -> 0.0336000
46,3,47 -> 0.1344000
47,0,42 -> 0.0400000
47,0,43 -> 0.7600000
47,0,47 -> 0.0100000
47,0,48 -> 0.1900000
47,1,42 -> 0.7200000
47,1,43 -> 0.0800000
47,1,47 -> 0.1800000
47,1,48 -> 0.0200000
47,2,42 -> 0.8000000
47,2,47 -> 0.2000000
47,3,2 -> 0.1600000
47,3,42 -> 0.1344000
47,3,43 -> 0.5376000
47,3,47 -> 0.0336000
47,3,48 -> 0.1344000
48,0,43 -> 0.8000000
48,0,48 -> 0.2000000
48,1,43 -> 0.8000000
48,1,48 -> 0.2000000
48,2,43 -> 0.8000000
48,2,48 -> 0.2000000
48,3,2 -> 0.1600000
48,3,43 -> 0.6720000
48,3,48 -> 0.1680000
49,0,44 -> 0.0400000
49,0,45 -> 0.7600000
49,0,49 -> 0.0100000
49,0,50 -> 0.1900000
49,1,44 -> 0.7200000
49,1,45 -> 0.0800000
49,1,49 -> 0.1800000
49,1,50 -> 0.0200000
49,2,44 -> 0.8000000
49,2,49 -> 0.2000000
49,3,2 -> 0.0900000
49,3,44 -> 0.1456000
49,3,45 -> 0.5824000
49,3,49 -> 0.0364000
49,3,50 -> 0.1456000
50,0,45 -> 0.0400000
50,0,46 -> 0.7600000
50,0,50 -> 0.0100000
50,0,51 -> 0.1900000
50,1,45 -> 0.7200000
50,1,46 -> 0.0800000
50,1,50 -> 0.1800000
50,1,51 -> 0.0200000
50,2,45 -> 0.8000000
50,2,50 -> 0.2000000
50,3,2 -> 0.0900000
50,3,45 -> 0.1456000
50,3,46 -> 0.5824000
50,3,50 -> 0.0364000
50,3,51 -> 0.1456000
51,0,46 -> 0.0400000
51,0,47 -> 0.7600000
51,0,51 -> 0.0100000
51,0,52 -> 0.1900000
51,1,46 -> 0.7200000
51,1,47 -> 0.0800000
51,1,51 -> 0.1800000
51,1,52 -> 0.0200000
51,2,46 -> 0.8000000
51,2,51 -> 0.2000000
51,3,2 -> 0.0900000
51,3,46 -> 0.1456000
51,3,47 -> 0.5824000
51,3,51 -> 0.0364000
51,3,52 -> 0.1456000
52,0,47 -> 0.0400000
52,0,48 -> 0.7600000
52,0,52 -> 0.0100000
52,0,53 -> 0.1900000
52,1,47 -> 0.7200000
52,1,48 -> 0.0800000
52,1,52 -> 0.1800000
52,1,53 -> 0.0200000
52,2,47 -> 0.8000000
52,2,52 -> 0.2000000
52,3,2 -> 0.0900000
52,3,47 -> 0.1456000
52,3,48 -> 0.5824000
52,3,52 -> 0.0364000
52,3,53 -> 0.1456000
53,0,48 -> 0.8000000
53,0,53 -> 0.2000000
53,1,48 -> 0.8000000
53,1,53 -> 0.2000000
53,2,48 -> 0.8000000
53,2,53 -> 0.2000000
53,3,2 -> 0.0900000
53,3,48 -> 0.7280000
53,3,53 -> 0.1820000
54,0,49 -> 0.0400000
54,0,50 -> 0.7600000
54,0,54 -> 0.0100000
54,0,55 -> 0.1900000
54,1,49 -> 0.7200000
54,1,50 -> 0.0800000
54,1,54 -> 0.1800000
54,1,55 -> 0.0200000
54,2,49 -> 0.8000000
54,2,54 -> 0.2000000
54,3,2 -> 0.0400000
54,3,49 -> 0.1536000
54,3,50 -> 0.6144000
54,3,54 -> 0.0384000
54,3,55 -> 0.1536000
55,0,50 -> 0.0400000
55,0,51 -> 0.7600000
55,0,55 -> 0.0100000
55,0,56 -> 0.1900000
55,1,50 -> 0.7200000
55,1,51 -> 0.0800000
55,1,55 -> 0.1800000
55,1,56 -> 0.0200000
55,2,50 -> 0.8000000
55,2,55 -> 0.2000000
55,3,2 -> 0.0400000
55,3,50 -> 0.1536000
55,3,51 -> 0.6144000
55,3,55 -> 0.0384000
55,3,56 -> 0.1536000
56,0,51 -> 0.0400000
56,0,52 -> 0.7600000
56,0,56 -> 0.0100000
56,0,57 -> 0.1900000
56,1,51 -> 0.7200000
56,1,52 -> 0.0800000
56,1,56 -> 0.1800000
56,1,57 -> 0.0200000
56,2,51 -> 0.8000000
56,2,56 -> 0.2000000
56,3,2 -> 0.0400000
56,3,51 -> 0.1536000
56,3,52 -> 0.6144000
56,3,56 -> 0.0384000
56,3,57 -> 0.1536000
57,0,52 -> 0.0400000
57,0,53 -> 0.7600000
57,0,57 -> 0.0100000
57,0,58 -> 0.1900000
57,1,52 -> 0.7200000
57,1,53 -> 0.0800000
57,1,57 -> 0.1800000
57,1,58 -> 0.0200000
57,2,52 -> 0.8000000
57,2,57 -> 0.2000000
57,3,2 -> 0.0400000
57,3,52 -> 0.1536000
57,3,53 -> 0.6144000
57,3,57 -> 0.0384000
57,3,58 -> 0.1536000
58,0,53 -> 0.8000000
58,0,58 -> 0.2000000
58,1,53 -> 0.8000000
58,1,58 -> 0.2000000
58,2,53 -> 0.8000000
58,2,58 -> 0.2000000
58,3,2 -> 0.0400000
58,3,53 -> 0.7680000
58,3,58 -> 0.1920000
59,0,54 -> 0.0400000
59,0,55 -> 0.7600000
59,0,59 -> 0.0100000
59,0,60 -> 0.1900000
59,1,54 -> 0.7200000
59,1,55 -> 0.0800000
59,1,59 -> 0.1800000
59,1,60 -> 0.0200000
59,2,54 -> 0.8000000
59,2,59 -> 0.2000000
59,3,2 -> 0.0100000
59,3,54 -> 0.1584000
59,3,55 -> 0.6336000
59,3,59 -> 0.0396000
59,3,60 -> 0.1584000
60,0,55 -> 0.0400000
60,0,56 -> 0.7600000
60,0,60 -> 0.0100000
60,0,61 -> 0.1900000
60,1,55 -> 0.7200000
60,1,56 -> 0.0800000
60,1,60 -> 0.1800000
60,1,61 -> 0.0200000
60,2,55 -> 0.8000000
60,2,60 -> 0.2000000
60,3,2 -> 0.0100000
60,3,55 -> 0.1584000
60,3,56 -> 0.6336000
60,3,60 -> 0.0396000
60,3,61 -> 0.1584000
61,0,56 -> 0.0400000
61,0,57 -> 0.7600000
61,0,61 -> 0.0100000
61,0,62 -> 0.1900000
61,1,56 -> 0.7200000
61,1,57 -> 0.0800000
61,1,61 -> 0.1800000
61,1,62 -> 0.0200000
61,2,56 -> 0.8000000
61,2,61 -> 0.2000000
61,3,2 -> 0.0100000
61,3,56 -> 0.1584000
61,3,57 -> 0.6336000
61,3,61 -> 0.0396000
61,3,62 -> 0.1584000
62,0,57 -> 0.0400000
62,0,58 -> 0.7600000
62,0,62 -> 0.0100000
62,0,63 -> 0.1900000
62,1,57 -> 0.7200000
62,1,58 -> 0.0800000
62,1,62 -> 0.1800000
62,1,63 -> 0.0200000
62,2,57 -> 0.8000000
62,2,62 -> 0.2000000
62,3,2 -> 0.0100000
62,3,57 -> 0.1584000
62,3,58 -> 0.6336000
62,3,62 -> 0.0396000
62,3,63 -> 0.1584000
63,0,58 -> 0.8000000
63,0,63 -> 0.2000000
63,1,58 -> 0.8000000
63,1,63 -> 0.2000000
63,2,58 -> 0.8000000
63,2,63 -> 0.2000000
63,3,2 -> 0.0100000
63,3,58 -> 0.7920000
63,3,63 -> 0.1980000

# Observation function (a,s,o -> p)
0,0,1 -> 1.0000000
0,1,1 -> 1.0000000
0,2,1 -> 1.0000000
0,3,1 -> 1.0000000
0,4,2 -> 0.9000000
0,4,13 -> 0.1000000
0,5,3 -> 0.9000000
0,5,12 -> 0.1000000
0,6,4 -> 0.9000000
0,6,13 -> 0.1000000
0,7,5 -> 0.9000000
0,7,14 -> 0.1000000
0,8,6 -> 0.9000000
0,8,15 -> 0.1000000
0,9,7 -> 0.9000000
0,9,16 -> 0.1000000
0,10,8 -> 0.9000000
0,10,17 -> 0.1000000
0,11,9 -> 0.9000000
0,11,18 -> 0.1000000
0,12,10 -> 0.9000000
0,12,19 -> 0.1000000
0,13,11 -> 0.9000000
0,13,20 -> 0.1000000
0,14,3 -> 0.1000000
0,14,12 -> 0.9000000
0,15,3 -> 0.1000000
0,15,12 -> 0.9000000
0,16,3 -> 0.1000000
0,16,12 -> 0.9000000
0,17,3 -> 0.1000000
0,17,12 -> 0.9000000
0,18,3 -> 0.1000000
0,18,12 -> 0.9000000
0,19,2 -> 0.1000000
0,19,13 -> 0.9000000
0,20,2 -> 0.1000000
0,20,13 -> 0.9000000
0,21,2 -> 0.1000000
0,21,13 -> 0.9000000
0,22,2 -> 0.1000000
0,22,13 -> 0.9000000
0,23,2 -> 0.1000000
0,23,13 -> 0.9000000
0,24,3 -> 0.1000000
0,24,14 -> 0.9000000
0,25,3 -> 0.1000000
0,25,14 -> 0.9000000
0,26,3 -> 0.1000000
0,26,14 -> 0.9000000
0,27,3 -> 0.1000000
0,27,14 -> 0.9000000
0,28,3 -> 0.1000000
0,28,14 -> 0.9000000
0,29,4 -> 0.1000000
0,29,15 -> 0.9000000
0,30,4 -> 0.1000000
0,30,15 -> 0.9000000
0,31,4 -> 0.1000000
0,31,15 -> 0.9000000
0,32,4 -> 0.1000000
0,32,15 -> 0.9000000
0,33,4 -> 0.1000000
0,33,15 -> 0.9000000
0,34,5 -> 0.1000000
0,34,16 -> 0.9000000
0,35,5 -> 0.1000000
0,35,16 -> 0.9000000
0,36,5 -> 0.1000000
0,36,16 -> 0.9000000
0,37,5 -> 0.1000000
0,37,16 -> 0.9000000
0,38,5 -> 0.1000000
0,38,16 -> 0.9000000
0,39,6 -> 0.1000000
0,39,17 -> 0.9000000
0,40,6 -> 0.1000000
0,40,17 -> 0.9000000
0,41,6 -> 0.1000000
0,41,17 -> 0.9000000
0,42,6 -> 0.1000000
0,42,17 -> 0.9000000
0,43,6 -> 0.1000000
0,43,17 -> 0.9000000
0,44,7 -> 0.1000000
0,44,18 -> 0.9000000
0,45,7 -> 0.1000000
0,45,18 -> 0.9000000
0,46,7 -> 0.1000000
0,46,18 -> 0.9000000
0,47,7 -> 0.1000000
0,47,18 -> 0.9000000
0,48,7 -> 0.1000000
0,48,18 -> 0.9000000
0,49,8 -> 0.1000000
0,49,19 -> 0.9000000
0,50,8 -> 0.1000000
0,50,19 -> 0.9000000
0,51,8 -> 0.1000000
0,51,19 -> 0.9000000
0,52,8 -> 0.1000000
0,52,19 -> 0.9000000
0,53,8 -> 0.1000000
0,53,19 -> 0.9000000
0,54,9 -> 0.1000000
0,54,20 -> 0.9000000
0,55,9 -> 0.1000000
0,55,20 -> 0.9000000
0,56,9 -> 0.1000000
0,56,20 -> 0.9000000
0,57,9 -> 0.1000000
0,57,20 -> 0.9000000
0,58,9 -> 0.1000000
0,58,20 -> 0.9000000
0,59,10 -> 0.1000000
0,59,21 -> 0.9000000
0,60,10 -> 0.1000000
0,60,21 -> 0.9000000
0,61,10 -> 0.1000000
0,61,21 -> 0.9000000
0,62,10 -> 0.1000000
0,62,21 -> 0.9000000
0,63,10 -> 0.1000000
0,63,21 -> 0.9000000
1,0,1 -> 1.0000000
1,1,1 -> 1.0000000
1,2,1 -> 1.0000000
1,3,1 -> 1.0000000
1,4,2 -> 0.8000000
1,4,13 -> 0.2000000
1,5,3 -> 0.8000000
1,5,12 -> 0.2000000
1,6,4 -> 0.8000000
1,6,13 -> 0.2000000
1,7,5 -> 0.8000000
1,7,14 -> 0.2000000
1,8,6 -> 0.8000000
1,8,15 -> 0.2000000
1,9,7 -> 0.8000000
1,9,16 -> 0.2000000
1,10,8 -> 0.8000000
1,10,17 -> 0.2000000
1,11,9 -> 0.8000000
1,11,18 -> 0.2000000
1,12,10 -> 0.8000000
1,12,19 -> 0.2000000
1,13,11 -> 0.8000000
1,13,20 -> 0.2000000
1,14,3 -> 0.2000000
1,14,12 -> 0.8000000
1,15,3 -> 0.2000000
1,15,12 -> 0.8000000
1,16,3 -> 0.2000000
1,16,12 -> 0.8000000
1,17,3 -> 0.2000000
1,17,12 -> 0.8000000
1,18,3 -> 0.2000000
1,18,12 -> 0.8000000
1,19,2 -> 0.2000000
1,19,13 -> 0.8000000
1,20,2 -> 0.2000000
1,20,13 -> 0.8000000
1,21,2 -> 0.2000000
1,21,13 -> 0.8000000
1,22,2 -> 0.2000000
1,22,13 -> 0.8000000
1,23,2 -> 0.2000000
1,23,13 -> 0.8000000
1,24,3 -> 0.2000000
1,24,14 -> 0.8000000
1,25,3 -> 0.2000000
1,25,14 -> 0.8000000
1,26,3 -> 0.2000000
1,26,14 -> 0.8000000
1,27,3 -> 0.2000000
1,27,14 -> 0.8000000
1,28,3 -> 0.2000000
1,28,14 -> 0.8000000
1,29,4 -> 0.2000000
1,29,15 -> 0.8000000
1,30,4 -> 0.2000000
1,30,15 -> 0.8000000
1,31,4 -> 0.2000000
1,31,15 -> 0.8000000
1,32,4 -> 0.2000000
1,32,15 -> 0.8000000
1,33,4 -> 0.2000000
1,33,15 -> 0.8000000
1,34,5 -> 0.2000000
1,34,16 -> 0.8000000
1,35,5 -> 0.2000000
1,35,16 -> 0.8000000
1,36,5 -> 0.2000000
1,36,16 -> 0.8000000
1,37,5 -> 0.2000000
1,37,16 -> 0.8000000
1,38,5 -> 0.2000000
1,38,16 -> 0.8000000
1,39,6 -> 0.2000000
1,39,17 -> 0.8000000
1,40,6 -> 0.2000000
1,40,17 -> 0.8000000
1,41,6 -> 0.2000000
1,41,17 -> 0.8000000
1,42,6 -> 0.2000000
1,42,17 -> 0.8000000
1,43,6 -> 0.2000000
1,43,17 -> 0.8000000
1,44,7 -> 0.2000000
1,44,18 -> 0.8000000
1,45,7 -> 0.2000000
1,45,18 -> 0.8000000
1,46,7 -> 0.2000000
1,46,18 -> 0.8000000
1,47,7 -> 0.2000000
1,47,18 -> 0.8000000
1,48,7 -> 0.2000000
1,48,18 -> 0.8000000
1,49,8 -> 0.2000000
1,49,19 -> 0.8000000
1,50,8 -> 0.2000000
1,50,19 -> 0.8000000
1,51,8 -> 0.2000000
1,51,19 -> 0.8000000
1,52,8 -> 0.2000000
1,52,19 -> 0.8000000
1,53,8 -> 0.2000000
1,53,19 -> 0.8000000
1,54,9 -> 0.2000000
1,54,20 -> 0.8000000
1,55,9 -> 0.2000000
1,55,20 -> 0.8000000
1,56,9 -> 0.2000000
1,56,20 -> 0.8000000
1,57,9 -> 0.2000000
1,57,20 -> 0.8000000
1,58,9 -> 0.2000000
1,58,20 -> 0.8000000
1,59,10 -> 0.2000000
1,59,21 -> 0.8000000
1,60,10 -> 0.2000000
1,60,21 -> 0.8000000
1,61,10 -> 0.2000000
1,61,21 -> 0.8000000
1,62,10 -> 0.2000000
1,62,21 -> 0.8000000
1,63,10 -> 0.2000000
1,63,21 -> 0.8000000
2,0,1 -> 1.0000000
2,1,1 -> 1.0000000
2,2,1 -> 1.0000000
2,3,1 -> 1.0000000
2,4,0 -> 1.0000000
2,5,0 -> 1.0000000
2,6,0 -> 1.0000000
2,7,0 -> 1.0000000
2,8,0 -> 1.0000000
2,9,0 -> 1.0000000
2,10,0 -> 1.0000000
2,11,0 -> 1.0000000
2,12,0 -> 1.0000000
2,13,0 -> 1.0000000
2,14,0 -> 1.0000000
2,15,0 -> 1.0000000
2,16,0 -> 1.0000000
2,17,0 -> 1.0000000
2,18,0 -> 1.0000000
2,19,0 -> 1.0000000
2,20,0 -> 1.0000000
2,21,0 -> 1.0000000
2,22,0 -> 1.0000000
2,23,0 -> 1.0000000
2,24,0 -> 1.0000000
2,25,0 -> 1.0000000
2,26,0 -> 1.0000000
2,27,0 -> 1.0000000
2,28,0 -> 1.0000000
2,29,0 -> 1.0000000
2,30,0 -> 1.0000000
2,31,0 -> 1.0000000
2,32,0 -> 1.0000000
2,33,0 -> 1.0000000
2,34,0 -> 1.0000000
2,35,0 -> 1.0000000
2,36,0 -> 1.0000000
2,37,0 -> 1.0000000
2,38,0 -> 1.0000000
2,39,0 -> 1.0000000
2,40,0 -> 1.0000000
2,41,0 -> 1.0000000
2,42,0 -> 1.0000000
2,43,0 -> 1.0000000
2,44,0 -> 1.0000000
2,45,0 -> 1.0000000
2,46,0 -> 1.0000000
2,47,0 -> 1.0000000
2,48,0 -> 1.0000000
2,49,0 -> 1.0000000
2,50,0 -> 1.0000000
2,51,0 -> 1.0000000
2,52,0 -> 1.0000000
2,53,0 -> 1.0000000
2,54,0 -> 1.0000000
2,55,0 -> 1.0000000
2,56,0 -> 1.0000000
2,57,0 -> 1.0000000
2,58,0 -> 1.0000000
2,59,0 -> 1.0000000
2,60,0 -> 1.0000000
2,61,0 -> 1.0000000
2,62,0 -> 1.0000000
2,63,0 -> 1.0000000
3,0,1 -> 1.0000000
3,1,1 -> 1.0000000
3,2,1 -> 1.0000000
3,3,1 -> 1.0000000
3,4,2 -> 0.9000000
3,4,13 -> 0.1000000
3,5,3 -> 0.9000000
3,5,12 -> 0.1000000
3,6,4 -> 0.9000000
3,6,13 -> 0.1000000
3,7,5 -> 0.9000000
3,7,14 -> 0.1000000
3,8,6 -> 0.9000000
3,8,15 -> 0.1000000
3,9,7 -> 0.9000000
3,9,16 -> 0.1000000
3,10,8 -> 0.9000000
3,10,17 -> 0.1000000
3,11,9 -> 0.9000000
3,11,18 -> 0.1000000
3,12,10 -> 0.9000000
3,12,19 -> 0.1000000
3,13,11 -> 0.9000000
3,13,20 -> 0.1000000
3,14,3 -> 0.1000000
3,14,12 -> 0.9000000
3,15,3 -> 0.1000000
3,15,12 -> 0.9000000
3,16,3 -> 0.1000000
3,16,12 -> 0.9000000
3,17,3 -> 0.1000000
3,17,12 -> 0.9000000
3,18,3 -> 0.1000000
3,18,12 -> 0.9000000
3,19,2 -> 0.1000000
3,19,13 -> 0.9000000
3,20,2 -> 0.1000000
3,20,13 -> 0.9000000
3,21,2 -> 0.1000000
3,21,13 -> 0.9000000
3,22,2 -> 0.1000000
3,22,13 -> 0.9000000
3,23,2 -> 0.1000000
3,23,13 -> 0.9000000
3,24,3 -> 0.1000000
3,24,14 -> 0.9000000
3,25,3 -> 0.1000000
3,25,14 -> 0.9000000
3,26,3 -> 0.1000000
3,26,14 -> 0.9000000
3,27,3 -> 0.1000000
3,27,14 -> 0.9000000
3,28,3 -> 0.1000000
3,28,14 -> 0.9000000
3,29,4 -> 0.1000000
3,29,15 -> 0.9000000
3,30,4 -> 0.1000000
3,30,15 -> 0.9000000
3,31,4 -> 0.1000000
3,31,15 -> 0.9000000
3,32,4 -> 0.1000000
3,32,15 -> 0.9000000
3,33,4 -> 0.1000000
3,33,15 -> 0.9000000
3,34,5 -> 0.1000000
3,34,16 -> 0.9000000
3,35,5 -> 0.1000000
3,35,16 -> 0.9000000
3,36,5 -> 0.1000000
3,36,16 -> 0.9000000
3,37,5 -> 0.1000000
3,37,16 -> 0.9000000
3,38,5 -> 0.1000000
3,38,16 -> 0.9000000
3,39,6 -> 0.1000000
3,39,17 -> 0.9000000
3,40,6 -> 0.1000000
3,40,17 -> 0.9000000
3,41,6 -> 0.1000000
3,41,17 -> 0.9000000
3,42,6 -> 0.1000000
3,42,17 -> 0.9000000
3,43,6 -> 0.1000000
3,43,17 -> 0.9000000
3,44,7 -> 0.1000000
3,44,18 -> 0.9000000
3,45,7 -> 0.1000000
3,45,18 -> 0.9000000
3,46,7 -> 0.1000000
3,46,18 -> 0.9000000
3,47,7 -> 0.1000000
3,47,18 -> 0.9000000
3,48,7 -> 0.1000000
3,48,18 -> 0.9000000
3,49,8 -> 0.1000000
3,49,19 -> 0.9000000
3,50,8 -> 0.1000000
3,50,19 -> 0.9000000
3,51,8 -> 0.1000000
3,51,19 -> 0.9000000
3,52,8 -> 0.1000000
3,52,19 -> 0.9000000
3,53,8 -> 0.1000000
3,53,19 -> 0.9000000
3,54,9 -> 0.1000000
3,54,20 -> 0.9000000
3,55,9 -> 0.1000000
3,55,20 -> 0.9000000
3,56,9 -> 0.1000000
3,56,20 -> 0.9000000
3,57,9 -> 0.1000000
3,57,20 -> 0.9000000
3,58,9 -> 0.1000000
3,58,20 -> 0.9000000
3,59,10 -> 0.1000000
3,59,21 -> 0.9000000
3,60,10 -> 0.1000000
3,60,21 -> 0.9000000
3,61,10 -> 0.1000000
3,61,21 -> 0.9000000
3,62,10 -> 0.1000000
3,62,21 -> 0.9000000
3,63,10 -> 0.1000000
3,63,21 -> 0.9000000

# Reward function (s,a -> r)
4,3 -> -30.0000000
5,3 -> -24.3000000
6,3 -> -19.2000000
7,3 -> -14.7000000
8,3 -> -10.8000000
9,3 -> -7.5000000
10,3 -> -4.8000000
11,3 -> -2.7000000
12,3 -> -1.2000000
13,3 -> -0.3000000
14,0 -> -25.0000000
14,1 -> -25.0000000
14,2 -> -25.0000000
14,3 -> 20.0000000
15,0 -> -35.0000000
15,1 -> -35.0000000
15,2 -> -35.0000000
15,3 -> 20.0000000
16,0 -> -45.0000000
16,1 -> -45.0000000
16,2 -> -45.0000000
16,3 -> 20.0000000
17,0 -> -55.0000000
17,1 -> -55.0000000
17,2 -> -55.0000000
17,3 -> 20.0000000
18,0 -> -65.0000000
18,1 -> -65.0000000
18,2 -> -65.0000000
18,3 -> 20.0000000
19,3 -> 16.2000000
20,3 -> 16.2000000
21,3 -> 16.2000000
22,3 -> 16.2000000
23,3 -> 16.2000000
24,3 -> 12.8000000
25,3 -> 12.8000000
26,3 -> 12.8000000
27,3 -> 12.8000000
28,3 -> 12.8000000
29,3 -> 9.8000000
30,3 -> 9.8000000
31,3 -> 9.8000000
32,3 -> 9.8000000
33,3 -> 9.8000000
34,3 -> 7.2000000
35,3 -> 7.2000000
36,3 -> 7.2000000
37,3 -> 7.2000000
38,3 -> 7.2000000
39,3 -> 5.0000000
40,3 -> 5.0000000
41,3 -> 5.0000000
42,3 -> 5.0000000
43,3 -> 5.0000000
44,3 -> 3.2000000
45,3 -> 3.2000000
46,3 -> 3.2000000
47,3 -> 3.2000000
48,3 -> 3.2000000
49,3 -> 1.8000000
50,3 -> 1.8000000
51,3 -> 1.8000000
52,3 -> 1.8000000
53,3 -> 1.8000000
54,3 -> 0.8000000
55,3 -> 0.8000000
56,3 -> 0.8000000
57,3 -> 0.8000000
58,3 -> 0.8000000
59,3 -> 0.2000000
60,3 -> 0.2000000
61,3 -> 0.2000000
62,3 -> 0.2000000
63,3 -> 0.2000000

# Initial tuples (n,s)
0,26
0,21
0,6
